2321
9184
10042
144321
9745
392376
55885
4897
221061
4680
9069
7265
8672
54504
1769
10124
338557
9847
27063
200844
132203
4214
80308
1290
197
4331
9912
8030
388695
127602
51176
91464
55872
627
138799
51760
27085
54453
90799
51351
153339
145581
3010
10529
153241
3953
2110
3012
55030
148418
63971
115111
134860
7976
51741
203238
7453
5861
51135
128822
285237
253782
6779
27146
654463
4065
8642
54438
151963
9167
55521
6885
5087
54726
83849
84071
112399
344022
10717
55589
114788
50650
2803
122876
57405
65982
100861412
9607
1262
1131
79098
85397
54454
54995
116519
23338
1393
57381
140890
1768
344148
10644
114786
3845
631
2651
5325
169044
50507
6527
54714
138805
9324
115265
140801
58511
57705
4815
27152
339479
341799
9719
2241
400793
4617
134526
11227
571
253970
5268
3673
4254
2243
23305
7325
6403
219402
9108
6777
926
3141
2073
6167
93594
23592
25862
7766
25893
221078
1182
658
2560
92092
5878
4907
4645
5744
5444
29102
284348
6713
3479
414328
9652
10243
60487
84062
53918
25978
7051
285220
151613
2918
51232
55109
151050
57453
27327
84302
115286
339448
57706
11259
5132
55578
23345
55967
122046
84870
81501
84868
63934
79730
4018
55335
2770
152518
160335
121457
83699
2734
57489
51555
27101
4916
9901
10351
50514
9039
8633
339965
59340
219477
83480
56922
133396
169200
7941
51205
254827
9308
8674
57724
7728
204801
10200
219527
114825
81573
389208
257019
23022
56172
2562
130574
3747
54986
282966
10788
10090
8850
129446
64478
11281
168667
10170
4216
282809
55622
132
145389
162282
80007
862
55304
84067
122830
57116
23556
317705
26031
11096
100129669
55225
118987
10261
3360
8615
114781
10175
100526664
10590
10690
116154
728577
50834
56243
93190
5789
22862
6873
8364
2104
78991
358
1386
116931
5915
9863
389762
54715
9611
9510
607
143872
2191
51056
5530
124274
55188
54520
79689
5506
134147
29090
4544
729
9481
23322
4015
253582
3717
93649
91543
115207
55790
3765
9698
27303
7753
84064
4223
29766
9457
131450
81617
26256
168374
7150
23329
2766
91947
8499
654502
219771
84898
93621
55599
50615
440097
153396
64116
387129
783
1894
9554
222255
154141
160897
23414
151651
81847
690
116039
23254
9892
340205
158038
343450
29953
2740
129401
163255
347051
64215
159
114088
9779
3024
90390
54209
64429
5271
25821
399697
353376
6360
23011
5906
55711
2195
2823
2775
9984
9162
51175
2196
56934
79072
5108
1301
87769
10483
79109
83850
401265
64759
5126
80184
79097
79750
7038
219431
4258
23175
58538
6728
145567
6938
216
2059
131096
92259
144455
3346
9071
4602
4292
6785
11201
202020
158358
6925
344892
200523
64393
728841
55784
2888
120400
2862
80224
55084
3444
288
2963
9348
285195
400410
4255
283197
57531
374864
92
340895
387104
7776
10920
63982
51752
255967
7091
152559
54997
120114
3655
1600
60592
196541
6944
60412
987
5892
387597
83943
51319
83856
3558
26057
9666
60506
222546
4163
100505385
4802
5648
4311
60558
64078
116443
57037
152110
84317
119587
27148
222008
8358
9771
6480
79722
56776
55612
946
948
140462
9232
80070
55628
900
6332
401665
152404
23105
4033
92270
10681
57639
7673
64388
1879
93664
5028
91752
3075
50804
10299
9373
152100
26040
1573
9141
10973
25780
4649
2272
112937
6197
7511
2160
11213
54877
9242
6098
100533467
2555
4760
120103
8829
28977
89894
64839
54828
3742
65059
100463487
5607
441282
7905
51015
3077
79078
89910
84976
64579
334
51696
10274
171019
6092
23446
55647
1062
9488
255743
6259
5709
343
283106
2863
138046
5791
253714
51106
1611
8989
25816
283927
22926
57101
57091
9358
431707
185
339318
126820
54901
5540
54898
26750
7472
79870
9451
56947
56341
219681
283777
10953
158471
56895
4026
7534
374900
549
79139
121256
9015
3763
7273
55140
83604
84804
497189
143502
161357
389643
7562
27250
126204
83447
6492
54439
163259
51663
3617
26289
8553
147409
257068
6505
89978
4618
4654
387707
84693
3184
143684
80071
257313
221710
2567
171024
59348
23328
504189
254158
84553
57552
440107
374462
22795
5695
403339
3158
84100
83861
29966
51110
26035
56952
22854
9938
8491
83851
151258
51559
9738
1315
26227
81328
1200
79718
119678
57556
7222
7761
95681
5055
79132
9931
132204
2915
388523
7334
25782
259232
51108
143241
285755
8853
51780
387638
1404
93081
10569
284
6096
10622
100131378
4336
2262
6336
127255
92293
7274
6476
283742
80349
100131902
27031
27324
80309
27190
653145
93035
29956
2534
93663
100528021
123169
8828
3146
27069
345557
3176
7204
9315
3167
4685
64092
4133
7112
399979
112744
493860
8208
54841
80110
84103
79925
817
3930
5799
23504
222643
347736
54510
140469
1015
22808
56898
29126
23185
84159
9904
3015
8139
145942
23200
892
285600
157807
846
4314
9392
27071
1750
85021
55156
100287226
9674
92126
386617
50484
51086
339896
285668
401027
55320
1010
1285
2992
339500
401548
50863
55592
65985
117584
90317
8935
25842
93986
5431
57545
1915
26610
390999
6934
10069
344901
387890
53407
57515
121551
306
6875
84912
961
256536
9658
285362
1825
25850
22894
118611
22902
3347
54843
128866
55691
79794
221692
7771
11085
200150
222234
27430
1638
81578
8125
165530
157680
9645
8224
814
169166
338
7745
83988
342125
83473
5860
7447
57824
8555
54502
390260
4147
55972
9111
200576
873
5169
200845
10699
346007
79577
57536
145264
6840
5212
1581
114131
28513
23426
81624
54935
10941
53942
114805
7982
7402
22982
10260
51071
64283
343578
51606
9760
201725
23424
375056
22798
56979
121278
11311
90199
255403
400823
8492
83539
340156
56254
6879
4217
26469
7638
51575
100750247
55568
56288
8693
337867
3918
114795
29970
10739
646486
114792
4925
2271
51375
79623
167838
85460
79673
3451
10150
5930
2713
57570
56886
7881
2122
56899
23224
118663
100506049
83989
57504
6584
23382
4481
5095
2004
83732
54984
10507
222223
347731
64924
9448
387103
10927
4850
7003
10818
25927
5562
9758
222553
3359
26230
80745
85413
57700
471
1318
83998
1908
9801
9312
3760
100534012
196951
117194
3363
9736
8365
8900
3148
116159
90459
4948
2893
5991
6304
26259
170959
151987
9495
283652
26589
403253
26999
84899
90025
100188893
4739
3667
147
24138
152579
340784
6772
2892
617
57094
152330
28983
26046
220992
2012
3554
120935
6900
9027
5332
9840
64780
90624
56999
8411
55770
100631383
51562
3371
2995
55777
153768
4693
80209
7227
83999
57282
55144
284110
26272
6331
26013
10314
150159
2975
983
201595
23515
55802
4052
168975
84060
28966
392636
5239
83594
642987
79413
81615
79848
65121
50807
9914
2877
1630
441108
55742
220074
5836
4986
10003
79817
152815
23070
55631
79993
80036
4036
375449
23092
5611
3091
2913
4140
55432
79582
23352
137902
256144
1363
23286
8350
83852
51571
341640
2162
84196
29958
91137
51193
5634
5021
1103
56034
5746
9626
56853
56914
166614
83956
1070
800
8309
1663
284323
26053
55064
79400
116511
84181
6495
8821
221074
27010
9839
5144
136259
6390
5168
4773
79368
23261
147991
79084
669
80310
60682
5046
5273
645104
2201
3855
100191040
51360
55068
10165
221400
11231
6596
3284
23077
11006
285335
147323
10563
7443
51050
6999
145946
9732
5137
253430
56884
23530
2993
339977
256435
401474
387694
23480
79865
284349
84319
55283
256297
100129792
147381
153443
7224
51389
9743
23484
154664
26266
84765
57186
1462
285555
112616
66008
127833
286053
5218
83741
574537
11057
22871
51361
1008
22858
55504
55110
9337
51542
9350
5468
11055
84541
116068
51133
167555
388
9180
3908
5356
3595
57128
317
3467
3910
84239
283598
259240
9712
8343
998
129831
9515
7596
2891
153770
51520
119772
8527
49861
7225
27241
2043
196472
2487
9716
79815
7844
64431
57460
1634
7373
130132
606
347168
55534
3834
51302
11160
4126
590
92285
25909
6557
9723
647135
2313
3007
26154
7164
25929
267004
1002
134266
9699
221035
4860
84193
10556
389207
623
168448
23057
79071
401138
64518
4139
55634
23142
221079
57624
284486
55437
163782
25769
55832
27068
171425
27347
55128
2961
55024
5136
1803
2257
92597
55299
8540
389170
10216
57492
23619
53335
283514
5682
5797
346562
3708
112840
231
5069
55466
9722
23554
196527
51100
51059
10282
3945
83551
53354
6262
80762
117178
55328
29114
2244
57172
57150
25888
81831
407975
25897
57542
23657
960
219938
6252
55686
79974
3240
200959
30061
10600
84886
84251
27436
5101
57520
29765
1379
7436
2290
55635
10718
167359
2074
79747
728643
2288
51105
219844
127731
4081
89795
26059
9948
60559
2492
133923
23461
2690
137835
9844
8738
133558
5592
8745
23120
11275
1633
6616
54514
131544
10659
23122
91687
50485
1993
83893
221303
22881
54806
57818
8031
10110
229
728464
5275
6549
129607
375612
23635
6453
57147
3480
200132
92667
151742
4715
5359
157567
683
79048
64432
5289
84735
221443
79861
6014
9729
8739
7444
2917
2977
79632
345930
7518
79740
80323
285671
79887
79802
23671
201266
57181
643866
84280
4482
343505
3786
79133
23194
5076
132789
285313
50508
339855
23094
9956
255738
30010
64641
79658
3756
735
5151
56948
5189
221895
64858
8092
51716
6887
5407
221833
51473
50939
394
29974
81327
5321
9194
344905
1607
8110
5558
7182
5734
4593
57105
2649
4149
9786
84109
10225
64168
90701
6677
10265
9320
23705
63926
5139
5208
4703
56171
59067
29995
10873
79145
399947
55734
219428
222642
64167
1493
128553
23471
81563
84617
5999
253260
11232
259230
390142
26191
54212
145508
25775
6629
9446
8647
54536
6579
26052
254394
26960
3329
81491
115294
23028
135114
940
11260
5583
387715
130399
8871
81553
2895
4012
9821
80034
4609
55323
351
84858
152137
55205
54988
79616
342035
10987
54363
57679
60385
89778
166968
81792
202018
79633
4644
7363
135152
342357
91298
643677
4800
84623
10403
94033
56647
2744
5741
1429
728597
23236
93185
51808
23158
91351
7424
154075
2250
9790
956
159963
3250
5178
6446
5073
5733
338645
10048
1662
23408
26033
23637
440145
9472
7465
79075
8148
10320
89858
64399
10443
5140
1982
11112
29063
55816
140578
100505879
64848
25924
64747
1749
3155
55669
90634
11075
5586
3773
579
343930
140733
54848
22986
4651
2557
254428
5523
50940
55531
63027
9783
7369
411
9444
64135
4646
3768
4300
4233
84320
3033
441631
23081
114876
8335
84102
7757
5324
121952
9076
1284
27253
133308
136991
81035
2138
201456
284252
29964
3183
54704
2742
57573
11120
23768
54551
29119
1833
166863
7743
80144
158326
1004
1588
2581
7006
3720
100750246
55714
10611
9117
116328
2259
2047
753
79772
92675
5214
348980
341880
2585
166378
22906
4978
84273
10667
56255
79135
441376
54882
5099
26003
55755
5921
100169890
219578
570
26047
9247
5534
100526761
642968
26973
4920
51534
2971
118461
23553
131177
8671
221656
10370
80336
118813
83540
8872
283446
10160
214
130
92255
167681
23001
89797
4337
3709
283982
27136
4780
146177
3912
6091
5577
4285
23415
55862
5894
24141
10672
84236
100526767
4547
81796
5596
2549
116135
100129583
143501
163486
55004
57554
7296
10098
55149
390037
257218
6975
55066
440311
7155
389558
2551
117531
1272
135228
147923
11056
401024
378925
63973
328
10242
6745
84515
80760
79054
91612
90627
114818
120066
4155
1910
79674
23500
10912
55760
2861
56311
7915
8975
352999
84640
285203
5774
10539
6860
375444
586
4842
143
285175
55763
81309
143162
3084
9671
22995
29967
3758
348654
10692
3678
5828
150684
54928
90102
9630
10385
57687
1456
23160
54927
261734
11214
10082
9231
8904
9586
51094
5793
55814
2867
11276
285704
10765
6326
56852
8780
1946
8417
7068
2897
84456
51633
50862
22856
56261
114800
79692
375298
6097
151278
5618
22948
79005
93587
11030
9462
79819
57829
6636
149998
175
54914
7026
100288142
3776
389668
64853
861
100463289
651746
9923
84525
144448
206412
7253
6000
57575
54558
84327
222545
160728
285605
60496
23321
3161
200734
55852
51390
5654
6189
23143
137886
2335
10022
2898
81031
100287284
57619
9295
51179
29118
3707
25913
55209
9079
26011
134265
3606
7681
91942
166752
653464
8543
391189
55342
4853
85301
25934
166336
246175
55768
79809
92017
11157
1009
93183
5968
3990
5737
57580
84871
4208
23041
80831
55359
83661
116228
22853
79956
11148
4829
5599
729993
83698
25906
245973
490
55347
64405
23566
4976
9573
4286
55227
22934
51703
55120
165055
64921
2974
11162
51014
2856
220164
338323
284293
56891
7348
56940
151112
2131
84107
10656
7855
767
9236
115752
10130
84643
23462
80059
387712
64764
220972
23274
307
10010
4338
84900
400120
4085
79953
23639
140856
3298
2561
116285
219432
9397
11122
9209
6547
10561
9958
143884
4745
138803
79752
51141
64844
342908
9781
182
58486
7733
4321
57626
57523
22936
8490
93556
114793
91526
51573
9861
6789
389763
154661
64963
7035
4048
730
5542
9177
5729
2042
154215
138802
22941
79875
219464
57678
8626
153020
375567
10143
7110
4067
55016
55821
57157
7701
9679
2900
6610
389206
1310
10286
338821
1806
1501
3751
55729
114
4289
9910
6358
51643
134829
7078
326625
119749
51218
408263
115362
60625
1486
7042
123606
57502
5756
123624
60528
204851
27131
128025
3449
54937
729025
51582
100528030
8932
26257
6093
54839
22989
94240
23036
6249
6310
57482
256130
267012
56479
57561
6352
399694
10930
5987
51594
9856
122481
55757
6662
11031
286362
94097
5898
3899
142679
4477
23245
6910
92482
374899
5684
25852
4921
130074
1021
8038
1373
129684
1767
10752
59284
4753
1647
22897
8395
23531
2120
4322
9037
55054
3556
55825
27340
8036
55083
221223
22803
5494
1479
3914
4008
133690
10846
80351
1655
55801
6638
346673
5128
127579
644524
11278
26503
100287932
3417
83468
118427
2035
57007
200162
55023
81537
7174
55041
5203
1794
8556
151195
85443
3192
7371
117583
79866
51276
131368
59350
3696
4124
57565
10626
440081
79843
283450
7272
59352
51083
80343
9653
58477
10371
11124
92737
23626
84437
10584
51208
8322
121260
84750
9330
8715
1345
100130742
2731
120534
10129
4756
100533111
1122
10368
6715
9882
169792
23335
9841
23242
56957
22873
60685
19
23767
9871
5593
10446
10252
7323
9785
54665
2743
83690
2309
7798
55339
221806
2218
90827
1740
1601
11171
5334
23683
26054
115827
55132
100130958
84154
3003
5229
414301
10056
10964
83892
125488
7762
55314
400696
85019
57205
127253
57096
7913
31
9734
80333
9774
51560
2813
29104
285343
26122
22920
5651
119391
219972
6936
115817
23256
10526
348327
5016
23161
3800
2894
3267
8546
9628
3716
51778
641384
10464
27306
84128
10040
56950
143879
8549
353164
25820
116987
7088
51706
57511
3791
64131
55230
114884
253559
170712
8987
3739
26998
1123
64111
222236
9152
988
57016
8727
166379
56938
5984
58494
5067
81300
4060
388536
8496
1525
8170
8439
57559
442117
91775
25834
4790
283349
84190
6674
1033
55607
79853
6419
2619
23026
342618
340441
1677
219484
56987
56935
157753
1804
55659
9107
22865
57484
133619
10283
397
127795
55970
10085
9054
160
8353
952
125113
1350
93166
55795
6751
5608
221002
79971
9926
8477
6641
8725
79992
26511
5288
121506
23216
5929
63979
79659
3448
2200
286183
10384
1368
5341
56113
10885
79807
56259
64850
202559
3382
283310
54497
10592
57419
26468
55644
359787
144193
131375
51705
134121
5683
10894
137868
26050
2247
135112
133015
100302736
151790
2820
130535
132671
348645
79783
4064
9659
89869
6546
154043
78989
81533
116984
388743
10827
55117
27255
23327
64919
11170
91584
153364
402117
9369
7399
151126
6857
5582
3752
57047
128710
11163
2334
7390
84498
51043
4172
401145
2113
5290
5521
137970
112495
221241
221687
114827
8924
161003
64946
166929
3283
148
80311
23418
83449
153769
9627
29062
93492
23247
54813
6314
58528
22828
51802
79611
11082
219493
10213
728215
5340
143570
8528
651
9951
40
1854
138804
4653
2100
3060
1161
85865
4212
1005
23732
196441
8760
9829
389766
26058
23281
2342
54093
26137
6386
51194
8367
7433
79839
7533
240
10694
57451
8804
427
160777
8564
27133
10125
6717
4915
53616
744
3702
10666
57623
376267
81550
9019
152687
7770
5122
163882
56902
1024
11137
121601
5870
10944
7321
6538
120775
5570
5578
120
282996
65997
22903
256148
403257
115209
7143
53833
147183
3575
7342
114815
1105
64093
160419
9678
57628
2703
10451
3157
7704
134218
283455
124359
22999
6555
11313
84725
966
1000
196294
79683
254042
59269
170506
7360
401036
81318
83872
285877
11223
84775
55751
11249
2834
158158
501
79712
55157
55907
1036
29083
23543
9262
7201
375287
10769
10580
11166
54796
594
85477
5142
1956
83860
8573
169026
387357
9364
221037
81849
10335
126231
114569
2632
3434
23072
1620
8707
23358
55159
4291
25940
64067
134492
442213
5241
4045
7046
157855
3034
65981
168433
9721
51430
3672
54768
25998
1591
29951
92856
165215
114801
221711
161436
7486
1646
1006
23040
133584
10758
8366
5903
4009
27034
55167
2315
5243
4437
728276
799
10438
285636
1602
84698
154214
219417
153643
204962
338596
776
56829
2554
79898
55636
204474
2359
9229
199704
148811
80816
8359
10199
259282
130940
284307
91653
10345
83657
10855
56890
5926
80219
8618
54566
51691
5462
1871
56911
11240
118856
238
284695
51605
9521
10001
6295
23051
144360
83940
10388
23576
65251
22824
8728
55617
2702
51231
3475
23439
5535
6533
83884
137209
2665
11118
119467
643226
257194
6239
91461
64332
9695
56978
55500
10551
23047
196740
221322
23380
6121
53919
135138
23609
64854
405754
112487
51735
64097
9886
340481
10203
28951
374378
317761
203859
9126
5459
58493
114803
83853
57512
130733
84514
9728
27185
4129
23351
55183
6775
114898
10716
57185
133482
2799
4982
121227
84216
1303
3840
344018
50808
339524
64965
8416
25898
83787
345193
2648
51397
161291
51066
169693
1807
26098
147949
100532724
79739
54875
171546
8440
130576
8812
152098
50852
10886
56114
80243
220134
654
84162
79068
10915
163131
10914
84811
81610
10940
140862
6617
9378
6101
341883
2132
200558
255631
6595
55619
283463
6456
9407
2172
64216
5305
90134
285513
8803
128153
868
168090
23213
4522
57088
90529
150084
25903
54545
55733
3895
23097
23177
5579
65217
667
122042
5950
23086
10418
7080
29106
57688
285525
84458
27086
130367
256691
9353
54918
57689
27123
8538
1286
10531
375337
23389
201501
55074
3605
8451
4249
10427
57528
5784
1297
360203
28232
116449
1635
1496
9508
9705
58504
1164
81704
64983
25791
91133
2890
83478
6769
1948
55259
3987
10276
54674
23548
55082
4430
1793
26018
147945
23171
9635
63895
2739
474354
55187
341208
7476
6605
54840
197259
6928
144100
253827
22807
130507
10137
5567
4660
345651
23007
79625
80173
387755
79596
25904
5406
284370
8001
23075
7597
11072
55973
64799
23002
51429
80218
5097
136288
400818
54834
4543
441061
57084
1909
84826
9646
5996
