10
1000
10000
100009676
10001
10002
10003
100033437
100033440
100033441
100033442
100033443
100033444
100033445
100033446
100033447
100033448
100033449
100033450
100033451
100033453
100033454
100033455
100033456
100033458
100033460
100033603
100033799
100033800
100033801
100033802
100033803
100033804
100033805
100033806
100033807
100033808
100033809
100033810
100033811
100033812
100033813
100033814
100033815
100033816
100033817
100033818
100033822
100036563
100036564
100036565
100036566
100036567
100048912
100049587
10006
100073347
10009
100093630
10010
100101266
100101467
100101938
100113378
100113379
100113384
100113391
100113392
100113393
100113402
100113404
100113407
100124516
100124533
100124534
100124535
100124537
100124538
100124539
100124696
100126270
100126299
100126301
100126303
100126306
100126307
100126310
100126311
100126313
100126316
100126317
100126319
100126320
100126327
100126331
100126333
100126334
100126337
100126340
100126342
100126343
100126346
100126349
100126350
100126355
100126356
100126784
100126791
100127983
100128006
100128023
100128025
100128054
100128055
100128081
100128098
100128124
100128126
100128164
100128191
100128252
100128264
100128327
100128398
100128420
100128494
100128496
100128511
100128568
100128590
100128640
100128731
100128782
100129034
100129055
100129066
100129075
100129083
100129138
100129195
100129269
100129385
100129387
100129424
100129460
100129482
100129543
100129583
100129597
100129617
100129662
100129669
100129716
100129726
100129792
100129794
100129827
100129842
100129935
100129961
100130231
100130275
100130298
100130452
100130460
100130557
100130673
100130733
100130742
100130744
100130771
100130776
100130855
100130934
100130958
100130964
100130967
100130992
100131060
100131067
100131117
100131137
100131205
100131208
100131213
100131234
100131257
100131289
100131315
100131366
100131378
100131390
100131551
100131561
100131626
100131635
100131726
100131814
100131827
100131902
100132356
100132463
100132618
100132707
100132724
100132781
100132987
100133308
100133311
100133612
100134259
100134391
100134444
10014
100144604
100144748
10015
100151643
100151683
100169752
100169851
100169890
100169989
100170222
10018
100188893
100188949
100188953
100188954
100190939
100190949
100191040
100192204
100192378
100192379
1002
10020
100216545
100216546
10022
100240728
10026
100271702
100271715
100271873
100272217
100272228
100286922
100287010
100287015
100287114
100287216
100287226
100287227
100287284
100287314
100287559
100287616
100287639
100287718
100287722
100287765
100287814
100287879
100287902
100287932
100287944
100288077
100288142
100288198
100288287
100288346
100288413
100288428
100288527
100288637
100288687
100288730
100288748
100288846
100289017
100289137
100289178
100289230
100289361
100289495
100289509
100289511
100289678
100294362
100302112
100302113
100302116
100302117
100302119
100302121
100302123
100302126
100302129
100302131
100302132
100302133
100302136
100302142
100302152
100302153
100302155
100302158
100302159
100302161
100302164
100302166
100302169
100302170
100302172
100302175
100302178
100302182
100302185
100302187
100302188
100302191
100302192
100302195
100302202
100302217
100302219
100302221
100302224
100302225
100302235
100302239
100302240
100302255
100302257
100302258
100302260
100302265
100302267
100302270
100302274
100302279
100302281
100302285
100302287
100302289
100302290
100302401
100302640
100302652
100302692
100302736
100302746
100303453
100303491
100303755
100309464
100313771
100313772
100313773
100313777
100313778
100313780
100313824
100313837
100313841
100313842
100313884
100313886
100313887
100313895
100313923
100313938
100316868
100329109
100329135
100335030
100337591
100337616
100379132
100379174
100379224
100379250
100379345
100379661
10038
100381270
1004
10040
10042
100422212
100422556
100422823
100422824
100422828
100422829
100422839
100422840
100422842
100422847
100422849
100422859
100422861
100422863
100422865
100422866
100422867
100422869
100422871
100422872
100422873
100422874
100422876
100422882
100422883
100422885
100422887
100422888
100422889
100422891
100422892
100422894
100422895
100422896
100422897
100422898
100422903
100422908
100422909
100422918
100422920
100422923
100422924
100422934
100422936
100422937
100422938
100422939
100422940
100422941
100422947
100422950
100422953
100422955
100422959
100422961
100422962
100422966
100422967
100422971
100422973
100422975
100422976
100422981
100422984
100422986
100422988
100422990
100422993
100422995
100422996
100422998
100422999
100423001
100423002
100423004
100423005
100423009
100423010
100423011
100423015
100423023
100423026
100423027
100423030
100423032
100423034
100423036
100423041
10043
100431172
10046
100462983
100463289
100463486
100463487
10048
10049
100498859
100499171
100499177
100499194
100499466
100499467
100499483
100499489
1005
10050
100500773
100500802
100500803
100500807
100500808
100500809
100500810
100500816
100500817
100500820
100500823
100500824
100500825
100500829
100500832
100500834
100500837
100500838
100500842
100500849
100500851
100500852
100500853
100500854
100500857
100500861
100500863
100500865
100500866
100500868
100500870
100500876
100500878
100500879
100500880
100500881
100500891
100500893
100500895
100500896
100500899
100500900
100500903
100500904
100500914
100500918
100500919
100500938
100505385
100505483
100505518
100505536
100505538
100505545
100505547
100505566
100505583
100505622
100505633
100505641
100505659
100505678
100505692
100505696
100505702
100505738
100505806
100505826
100505841
100505845
100505875
100505879
100505881
100505893
100505894
100505912
100505933
100505967
100505994
100506013
100506023
100506035
100506046
100506049
100506054
100506068
100506082
100506124
100506126
100506134
100506142
100506195
100506215
100506229
100506237
100506243
100506258
100506274
100506305
100506311
100506334
100506380
100506403
100506406
100506409
100506412
100506413
100506422
100506428
100506433
100506443
100506451
100506462
100506474
100506475
100506492
100506495
100506497
100506542
100506564
100506622
100506639
100506649
100506650
100506658
100506660
100506677
100506680
100506686
100506688
100506696
100506733
100506747
100506755
100506757
100506765
100506769
100506776
100506783
100506810
100506835
100506858
100506866
100506915
100506939
100506985
100506994
100507008
100507032
100507034
100507050
100507056
100507058
100507059
100507062
100507064
100507096
100507098
100507099
100507117
100507127
100507143
100507156
100507163
100507171
100507173
100507178
100507205
100507206
100507240
100507244
100507246
100507266
100507267
100507274
100507290
100507299
100507300
100507341
100507346
100507347
100507351
100507362
100507392
100507398
100507421
100507428
100507433
100507443
100507470
100507475
100507500
100507524
100507527
100507528
100507533
100507582
100507584
100507629
100507632
100507634
100507679
100509894
10051
100526664
100526693
100526694
100526761
100526767
100526794
100526820
100526832
100526835
100526836
100526837
100526842
100527950
100527960
100527963
100527978
100528016
100528019
100528021
100528022
100528030
100528032
100529063
100529207
100529209
100529215
100529239
100529240
100529241
100529257
100529261
100532724
100532731
100532742
100533105
100533111
100533179
100533181
100533182
100533184
100533195
100533464
100533467
100533496
100533952
100533975
100534012
100534589
100534592
100534593
100534612
100551499
10056
10057
10059
1006
10060
100616109
100616110
100616113
100616114
100616118
100616119
100616124
100616125
100616132
100616133
100616139
100616142
100616144
100616148
100616150
100616152
100616162
100616164
100616169
100616171
100616172
100616174
100616179
100616181
100616182
100616186
100616187
100616190
100616193
100616202
100616206
100616207
100616208
100616210
100616211
100616215
100616219
100616231
100616234
100616238
100616239
100616243
100616244
100616245
100616246
100616252
100616253
100616257
100616260
100616263
100616267
100616269
100616271
100616272
100616275
100616277
100616279
100616280
100616281
100616286
100616288
100616291
100616293
100616295
100616297
100616299
100616303
100616304
100616312
100616316
100616322
100616324
100616325
100616326
100616327
100616328
100616330
100616334
100616339
100616341
100616347
100616348
100616349
100616350
100616352
100616355
100616357
100616359
100616361
100616363
100616364
100616369
100616372
100616373
100616377
100616379
100616380
100616383
100616384
100616386
100616387
100616391
100616392
100616393
100616394
100616395
100616396
100616400
100616404
100616408
100616409
100616418
100616419
100616423
100616432
100616434
100616435
100616436
100616441
100616449
100616451
100616452
100616453
100616457
100616464
100616467
100616468
100616469
100616472
100616473
100616474
100616475
100616477
100616481
100616482
100616484
100616490
100616493
100616498
100616499
100616500
100616668
100628307
100628315
100631383
100652739
100652749
100652758
100652759
100652772
100652791
100652846
100652853
100652857
100652865
100652909
100652988
100652997
10068
10069
1007
100750225
100750246
100750247
10076
100775107
10079
1008
10081
10082
100820709
100820829
10083
100846978
100846991
100846993
100846995
100846996
100846997
100846998
100846999
100847000
100847002
100847008
100847009
100847015
100847016
100847021
100847023
100847025
100847026
100847035
100847036
100847044
100847045
100847046
100847050
100847051
100847053
100847058
100847063
100847064
100847067
100847068
100847071
100847075
100847076
100847077
100847081
100847083
100847084
100847087
100847089
100847091
100847092
10085
100852408
100852409
100852410
100856811
100859921
10086
100861402
100861412
100861468
100861514
100861520
100861552
100861554
100862662
100862679
100862680
100862728
10087
100873165
100873740
100873753
100873754
100873756
100873762
100873771
100873774
100873775
100873777
100873778
100873779
100873780
100873782
100873917
100873924
100873932
100873933
100873939
100873941
100873945
100873946
100873948
100873949
100873954
100873969
100873972
100873973
100873976
100873979
100873980
100873983
100873984
100873989
100874002
100874011
100874012
100874016
100874021
100874027
100874037
100874041
100874047
100874051
100874052
100874053
100874055
100874058
100874059
100874063
100874064
100874071
100874074
100874082
100874083
100874084
100874086
100874087
100874091
100874093
100874095
100874100
100874107
100874122
100874123
100874126
100874127
100874128
100874137
100874139
100874143
100874147
100874150
100874151
100874157
100874158
100874167
100874168
100874173
100874175
100874179
100874182
100874185
100874187
100874190
100874194
100874195
100874196
100874200
100874203
100874204
100874205
100874206
100874207
100874208
100874211
100874212
100874222
100874231
100874237
100874239
100874241
100874242
100874243
100874249
100874251
100874255
100874264
100874270
100874273
100874275
100874278
100874281
100874282
100874286
100874300
100874313
100874322
100874323
100874326
100874330
100874342
100874343
100874353
100874355
100874361
100874370
100874374
100874375
100874377
100874531
100885775
100885777
100885778
100885779
100885780
100885781
100885789
100885795
100885796
100885798
100886964
100887750
100887754
1009
10090
10093
10096
10097
10098
10099
100996249
100996279
100996280
100996307
100996349
100996485
100996490
100996567
100996569
100996597
100996712
100996941
1010
10102
10105
101055625
10106
10107
10109
10110
101101772
101101773
101101775
10111
10112
10114
10116
10117
101180901
1012
10123
10124
101241891
101241902
10125
10128
10129
10130
101340252
10135
10137
10138
10140
101409254
101409256
101409257
101409258
101410533
101410534
101410537
101410540
101410541
101410542
101410545
10142
10143
10144
101448202
10146
1015
10150
101515984
10152
10153
10154
10157
10159
1016
10160
10161
10164
10165
10166
101669764
101669767
10168
10169
1017
10170
10171
101730217
10175
10178
10179
10180
101805488
101805492
10181
10184
101867536
1019
101926889
101926890
101926903
101926930
101926960
101926978
101927023
101927045
101927111
101927124
101927159
101927176
101927178
101927190
101927354
101927360
101927374
101927446
101927488
101927547
101927574
101927612
101927709
101927715
101927808
101927811
101927862
101927881
101927967
101927992
101928017
101928022
101928033
101928075
101928141
101928153
101928165
101928269
101928276
101928376
101928401
101928436
101928437
101928505
101928523
101928578
101928601
101928618
101928656
101928775
101928882
101929052
101929083
101929110
101929124
101929154
101929176
101929212
101929222
101929244
101929319
101929423
101929472
101929520
101929528
101929623
101929645
101929657
101929716
101929780
10193
101930746
101930747
101930748
101937451
101954204
10196
101978719
10198
10199
102
10200
10203
102031319
10205
102060282
10208
10209
1021
10211
10213
10215
102157401
102157402
10216
10217
10219
1022
102216268
102216342
10223
102238594
10225
10228
10229
10231
10234
10235
10236
10238
1024
10241
10242
10243
10246
102464817
102464827
102464830
102465133
102465135
102465136
102465138
102465139
102465247
102465248
102465249
102465250
102465254
102465255
102465427
102465428
102465430
102465438
102465439
102465440
102465441
102465443
102465453
102465456
102465467
102465481
102465482
102465486
102465490
102465497
102465505
102465506
102465508
102465512
102465514
102465515
102465521
102465522
102465523
102465525
102465535
102465537
102465539
102465689
102465835
102465837
102465840
102465841
102465842
102465854
102465857
102465860
102465861
102465862
102465864
102465865
102465867
102465870
102465874
102465876
102465877
102465878
102465881
102465882
102465995
102466104
102466162
102466189
102466199
102466200
102466201
102466203
102466227
102466235
102466247
102466270
102466518
102466616
102466657
102466721
102466724
102466729
102466738
102466739
102466742
102466743
102466744
102466759
102466816
102466854
102466865
102466866
102466874
102466875
102466876
102466880
102466906
102466912
102466953
102466967
102466972
102466986
102466995
102467004
102467077
102467080
102467081
102467216
102467217
102467226
10249
10250
102503427
10252
10253
10254
102546229
102546294
102546299
10257
102578074
10260
102606463
102606465
102606466
10261
10265
10267
10268
102682016
10269
1027
102723165
102723166
102723167
102723809
10274
10276
10277
10279
10281
10282
10283
10284
10285
10286
10288
10289
10294
10298
10299
103
10301
10302
10309
1031
10314
10317
10319
10320
10321
10322
10325
1033
10330
10333
10335
10342
10345
10349
10350
10351
10352
1036
10367
10368
10369
10370
10371
10376
1038
10380
10384
10385
10388
1039
10390
10391
103910
10393
10395
10396
10397
104
1040
10402
10403
10404
10408
10409
10412
10413
10418
10419
10420
10421
10424
10426
10427
10428
10430
10434
10438
10439
10443
10446
10447
10449
10450
10451
10454
10455
10457
10461
10463
10464
10466
10468
1047
10472
10473
10475
10477
10478
1048
10480
10483
10484
10486
10487
10488
10489
10490
10491
10492
10495
10499
105
1050
10500
10507
10512
10513
10514
10516
10517
10526
10529
10531
10533
10537
10538
10539
10541
10548
10550
10551
10553
10556
10558
10559
10560
10561
10562
10563
10565
10566
10569
10574
10575
10576
10577
10579
10580
10584
10585
10586
10588
10590
10591
10592
10595
10599
1060
10600
10605
10606
10610
10611
10612
10613
1062
10620
10622
10625
10626
10627
1063
10635
10636
10640
10641
10643
10644
10645
10648
10651
10653
10655
10656
10657
10658
10659
1066
10666
10667
10668
10671
10672
10673
10677
10678
1068
10681
10687
1069
10690
10691
10692
10693
10694
10699
107
1070
10716
10717
10718
10720
10721
10725
1073
10730
10735
10736
10737
10739
10740
10742
10744
10745
10746
1075
10752
10753
10758
10761
10765
10766
10767
10768
10769
10775
10776
10777
10780
10782
10785
10786
10787
10788
10793
10794
10797
10798
10799
108
1080
10803
10804
10806
10808
1081
10810
10814
10816
10817
10818
10826
10827
1084
10840
10841
10842
10846
10847
10855
10856
10863
10867
1087
10873
10874
10877
10879
1088
10880
10881
10884
10885
10886
10887
10888
1089
10891
10892
10894
10895
10896
10899
10901
10902
10904
10905
10906
10910
10912
10913
10914
10915
10920
10923
10924
10926
10927
10928
10929
10930
10933
10936
10940
10941
10943
10944
10947
10948
10949
10950
10952
10953
10954
10957
10959
10960
10964
10969
10970
10971
10972
10973
109731405
10974
10978
10979
10981
10982
10987
10988
10990
10991
10993
10998
11001
11005
11006
11010
11011
11016
11019
1102
11020
11021
11022
11023
11026
1103
11030
11031
11034
11035
11036
11037
11045
11046
11047
1105
11051
11052
11055
11056
11057
11059
1106
11060
11062
11063
11064
11066
11068
11069
11070
11072
11073
11075
11080
11081
11082
11085
11086
1109
11093
11094
11095
11096
11098
11099
111
11101
11103
11107
1111
11112
11113
11116
11117
11118
11119
1112
11120
11122
11123
11124
11127
11128
11130
11136
11137
11138
1114
11141
11142
11143
11144
11146
11147
11148
11149
11154
11157
11160
11162
11163
11164
11165
11166
11167
11168
11169
1117
11170
11171
11172
11174
11176
11177
11178
11179
11182
11183
11185
11186
11189
11193
11196
11197
11199
11200
11201
1121
11211
11213
11214
11215
11217
11218
1122
11221
11222
11223
11227
11228
1123
11231
11232
11234
11235
11238
112399
1124
11240
112401
11243
11244
11245
112479
112487
11249
112495
11250
11257
112574
11259
11260
112609
112611
112616
11262
11266
11272
112744
11275
112752
11276
11278
11279
11280
11281
11283
112840
112849
112858
112885
1129
112936
112937
1131
11311
113115
11313
11315
11317
113174
11318
11319
11320
11321
11325
11326
113263
11328
1133
11332
11334
11339
1134
11340
113402
11341
11342
11345
113510
113612
113675
113828
113835
1139
114
114026
114034
114036
114088
1141
114112
114131
114134
1142
114294
114299
114327
114569
114599
114609
114614
114625
1147
114769
114771
114780
114781
114784
114786
114788
114790
114791
114792
114793
114795
114798
114799
114800
114801
114803
114804
114805
114815
114818
114823
114825
114827
114836
114876
114880
114882
114883
114884
114885
114898
114899
114905
114907
114908
114915
114932
114987
114991
115
115019
115111
115123
115207
115209
115265
115286
115294
115350
115352
115361
115362
1154
115416
115426
115548
115584
115677
115701
115749
115752
115761
115811
115817
115825
115827
115908
116
1160
116028
116039
116068
1161
116113
116123
116135
116143
116150
116151
116154
116159
116179
116224
116228
116255
116285
116328
116337
116362
116369
116372
116379
1164
116441
116443
116448
116449
116461
116511
116519
116828
116832
116842
116843
116931
116933
116966
116984
116986
116987
117
117143
117145
117154
117156
117157
117177
117178
117194
117195
117196
117246
117247
117248
117531
117532
117581
117583
117584
1176
117854
1179
1182
1183
1184
118421
118425
118427
118429
118461
1185
118611
118663
118672
118738
118788
118813
118856
118924
118932
118980
118987
1191
119180
119369
119385
119391
119392
119437
119467
1195
119548
119587
119678
119682
119687
119692
119694
119710
119749
119764
119765
119772
119774
12
120
1200
120066
120103
120114
120224
120227
120237
1203
120379
120400
120406
120526
120534
120586
120775
120776
1208
120863
120892
120935
1211
1212
121227
121256
121260
121273
121275
121278
1213
121340
121355
121391
121441
121456
121457
1215
121506
121512
121536
121549
121551
121599
121601
121642
121665
121793
121838
121952
122011
122042
122046
122060
122416
122481
122509
122553
122664
122665
122742
122769
122773
122786
122809
122830
122876
122953
122961
123
1230
123016
123036
123041
123103
123169
123283
123355
123606
123624
1237
123745
123811
123872
123879
123904
123970
1240
124149
124152
124274
124359
1244
124454
124491
124512
124538
124540
124739
124808
124817
124842
124857
124872
124925
124935
124936
124944
124975
124976
124989
124997
125
125113
125150
125228
125336
125488
125875
125893
1259
125919
125962
125963
126
126017
126068
126069
1261
1262
126204
126205
126206
126231
126299
126375
1266
126626
126668
1267
126767
1268
126820
126859
126961
126969
127
127002
127003
127018
127124
1272
127247
127253
127255
127262
127343
127385
127391
127495
127540
127550
127579
127602
1277
127731
127733
127795
1278
127833
127841
127933
127943
128
128025
128061
1281
128102
128153
128178
1282
128209
128239
128308
128338
128346
128360
128368
128387
1284
128434
128488
1285
128553
1286
128611
128637
128674
1287
128710
1288
128821
128822
128866
128876
1289
1290
129049
129080
129138
1292
129285
129293
1293
129401
129446
129450
1295
129521
129531
129563
129607
129642
129684
1297
129831
129852
129880
129881
13
130
130013
130026
130074
1301
130120
130132
130162
130271
1303
130340
130355
130367
130399
1305
130502
130507
130535
130574
130576
130589
1306
1307
130733
130752
1308
130827
130888
130940
130951
131
1310
131034
131076
131096
131118
131149
131177
131368
131375
131405
131450
131474
1315
131544
131566
131601
1318
131873
131909
131920
132
132001
132112
132160
132200
132203
132204
132299
132320
132321
132332
132430
1326
132612
132660
132671
132724
132789
132851
132864
132949
132954
132989
133
133015
133121
133308
133396
133418
133482
133491
133522
133558
133584
133619
133686
133688
133690
133923
134111
134121
134147
134187
134218
134265
134266
134285
134288
134353
134359
134391
134429
134430
134492
1345
134510
134526
134553
134637
134701
134728
134829
134860
134864
134957
1350
135112
135114
135138
135152
1352
135228
135293
1353
1355
1356
1358
1359
135924
135935
135941
135948
1360
1361
136242
136259
136288
1363
136306
136319
136332
136541
1368
136895
136991
1371
137209
1373
1374
137492
137682
137695
137735
1378
137814
137835
137868
137872
137886
1379
137902
137970
1380
138009
138046
138050
138065
138240
138241
138255
1384
138474
1385
1386
138639
138649
138799
138802
138803
138804
138805
1390
139065
139067
139081
1392
139231
1393
139341
139411
139422
139425
1395
139538
139604
139741
139793
139818
140
1401
140258
1404
140432
140456
140458
140459
140460
140461
140462
140464
140465
140469
140545
140576
140578
140609
140612
140678
140687
140689
140690
140691
140699
1407
140733
140738
140739
140766
140767
140801
140803
140807
140836
140838
140848
140856
140862
140881
140890
140894
1410
1411
1413
1414
1417
1418
1419
142
142679
142685
1428
1429
142910
142913
142940
143
143098
1431
143162
143187
1432
143241
143279
143282
143379
143384
1434
143425
143458
143471
143501
143502
143503
143570
1436
143630
143662
143684
143686
143689
1437
143872
143879
143884
143903
1441
144100
144110
144124
144125
144132
144165
144193
144245
144321
144348
144360
144402
144406
144423
144448
144453
144455
144481
1445
144568
144577
1446
144608
1447
144742
144776
1448
144809
144811
144920
145226
145249
145264
145270
145282
145376
145389
1454
145438
145474
145508
145567
145581
1456
145624
1457
145741
145748
145773
145781
145814
145820
145845
145853
145858
145864
1459
145942
145946
145957
146
146050
146057
146059
146177
1462
146212
146223
146227
146279
146395
1465
1466
146713
146760
146802
146853
147
1470
1471
147166
147179
147183
1472
1473
147323
147339
147372
147381
147407
147409
147429
147463
147495
147525
1476
147645
147657
147658
147660
147670
147685
147694
1477
147710
147719
147741
147798
147804
147808
1479
147906
147920
147923
147945
147948
147949
147991
148
148003
148109
148170
148189
148198
148203
148206
148266
148268
148281
148304
148327
148345
148362
148418
148423
148534
148581
1486
148641
148753
148789
1488
148811
148823
148867
1489
148979
149041
149047
149076
1491
149111
149233
149281
149297
1493
149371
149461
1496
149647
149684
149685
149708
149775
1499
149992
149998
150
1500
150000
150082
150084
1501
150159
150244
150274
150275
150291
150297
1503
150350
150353
150365
150465
150468
150538
150568
150572
150577
150590
150677
150681
150684
150709
150737
1508
150864
150962
150992
1510
151050
151056
151112
151126
151171
151188
151194
151195
151230
151234
151242
151258
151278
1513
151325
1514
151449
151473
1515
151516
151531
151556
151613
151636
151649
151651
151658
151742
151790
1518
151827
151871
151887
151888
1519
151963
151987
152006
152015
152024
152065
152098
152100
152110
152137
152138
152185
152189
1522
152206
152273
152330
1524
152404
152485
1525
152503
152518
152519
152559
152579
152641
152687
152742
152756
152789
1528
152815
152831
152940
153020
153090
153129
153163
153201
153241
153328
153339
153364
153396
1534
153443
153469
153571
153572
153579
153642
153643
153657
153684
153733
153768
153769
153770
1538
153830
1539
153918
154
1540
154007
154043
154075
154091
154092
154141
154150
154197
154214
154215
154288
1544
154442
154467
154661
154664
154754
154796
154810
154860
154865
154907
155060
155061
155066
155370
155435
155465
1573
157310
157313
157376
157378
157381
157506
157567
157570
157574
157627
157657
157680
157695
157724
157739
157753
157769
157773
157807
157855
157869
157922
158
158035
158038
158046
1581
158131
158135
158158
158219
158228
158293
158326
158358
158381
158399
158405
158427
158431
158471
158521
158584
158586
158747
1588
158801
159
159090
159091
1591
159195
1593
159371
1594
1595
159963
160
1600
160065
1601
160140
1602
1603
160335
160364
160365
1604
160418
160419
160428
160518
1607
160728
160777
1608
160851
160857
160897
161003
1611
161142
161145
1612
161291
161357
161436
1615
1616
161635
161725
161742
1618
161823
161835
162
1620
162073
162239
162282
162394
162514
162515
162681
162962
162963
162967
162972
163
1630
163071
163081
163087
163115
163131
163223
163227
163255
163259
1633
163351
1634
163479
163486
1635
163589
163702
163742
163778
163782
163786
1638
163859
163882
164
164045
1641
164118
164153
1642
164237
164284
164312
164380
164395
1644
1646
164684
1647
164781
164832
165055
165140
165215
1653
165324
1654
1655
165530
165631
165679
1657
165721
165829
165904
1660
166012
1662
1663
166336
166348
166378
166379
1665
1666
166614
166655
166752
166785
166793
166824
166863
1669
166929
166968
166979
167
1670
1671
167127
1672
167227
167359
167410
167465
167555
167681
167691
1677
1678
167826
167838
168002
168090
168374
168400
168433
168448
168451
168507
168667
168741
168975
1690
169026
169044
169166
169200
169355
169522
169693
169714
169792
169841
170082
170370
170392
170425
170506
170572
170591
170622
170688
170689
170690
170691
170692
170712
170825
170850
170958
170959
171019
171023
171024
171392
171425
171483
171546
1717
1718
1723
1730
1733
1734
1737
1738
1739
174
1740
1745
1746
1749
175
1750
1755
1756
176
1761
1767
1768
1769
1770
1778
178
1780
1781
1787
1789
1793
1794
1795
1796
1798
1802
1803
1804
1805
1806
1807
1808
1809
1811
1814
182
1823
1824
1825
1826
1827
1828
1829
183
1830
1831
1832
1833
1834
1837
1838
1839
1842
1845
1848
185
1854
1859
1871
1879
1880
1889
1894
1896
19
190
1902
1903
1906
1907
1908
1909
1910
1912
1915
191585
192669
192670
1933
193629
1939
1946
1948
1950
1953
1955
1956
1958
195828
195977
196
1960
196047
196074
1961
1962
196264
196294
196374
196383
196385
196394
196415
196441
196463
196472
196475
196477
1965
196513
196527
196528
196541
196549
1967
196740
196792
196883
196951
196993
197
197003
197021
197131
197259
197370
197407
1977
1979
1982
1984
1992
199221
199223
1993
1996
1997
199704
199731
199777
1998
199857
199899
1999
199964
2
2000
200010
2001
200132
200150
200159
200162
200172
200186
200197
200232
200261
2004
200403
2005
200504
200523
200558
200576
200728
200734
200844
200845
200894
2009
200958
200959
201140
201158
201181
201191
2012
201229
201232
201266
201283
201299
2013
201456
201477
201501
201514
201516
201595
2016
201625
201633
201725
201799
2018
201965
2020
202018
202020
202051
202052
202151
202243
202309
202333
202374
202459
202500
202559
202658
2027
2028
202865
2029
2030
203068
203074
203100
203102
203190
203228
203238
203259
203286
203328
2034
203447
2035
203523
2036
2037
203859
204
204010
2042
204219
2043
2044
204474
2045
2047
2048
204801
204851
2049
204962
205
2051
205147
2053
205327
2058
2059
2060
206358
2064
206412
206426
2065
2066
2069
2070
2071
207107
207147
2072
2073
2074
2078
2079
2081
2098
2099
210
2100
2103
2104
2108
2109
211
2110
2113
2114
2115
2117
2119
2120
2122
2128
213
2131
2132
2135
2137
2138
2139
214
2140
2146
2149
2150
2151
2152
2153
2159
216
2160
2162
2165
2168
2169
217
2170
2171
2172
2173
2176
2181
2185
2186
2188
219
2191
219285
219287
219333
219347
219402
219409
219417
219428
219429
219431
219432
219436
219437
219438
219445
219447
219453
219464
219469
219473
219477
219479
219482
219484
219487
219493
2195
219527
219539
219541
219578
219595
2196
219623
219670
219681
219731
219736
219749
219770
219771
219790
219833
219844
219854
219855
219858
219865
219873
219874
219875
219899
219902
219938
219956
219957
219958
219959
219960
219970
219972
219981
219986
219988
219995
220
2200
220002
220032
220047
220074
220082
2201
220107
220108
220134
220158
220164
2202
220213
220296
2203
220323
220388
2204
220416
220441
2209
220929
220930
220963
220965
220972
220979
220980
220988
220992
221002
221035
221037
221061
221074
221078
221079
221120
221150
221154
221178
221191
221223
221241
221262
221264
221294
221303
221322
221336
221391
221400
221409
221438
221442
221443
221458
221477
221545
221584
221656
221687
221692
221710
221711
221718
221786
2218
221806
221823
221830
221833
221883
221895
221935
221937
221981
2220
222008
222029
222166
222171
222194
2222
222223
222234
222235
222236
222255
222256
222484
222537
222545
222546
222553
222584
222642
222643
222659
222662
222663
222696
222698
222699
222826
222894
223
2230
223117
2235
2239
224
2241
2243
2244
2245
2246
2247
225
2250
2252
2254
2255
2257
2258
2259
2262
2263
2266
2267
2271
2272
2273
2274
22794
22795
22796
22797
22798
22800
22801
22802
22803
22806
22807
22808
22818
22822
22823
22824
22828
22836
22837
22839
22841
22843
22844
22847
22848
22849
22852
22853
22854
22856
22858
22862
22863
22864
22865
22866
22868
22869
2287
22870
22871
22872
22873
22874
22875
22876
22878
2288
22880
22881
22882
22884
22885
22887
2289
22890
22891
22893
22894
22895
22897
229
2290
22900
22901
22902
22903
22906
22907
22908
22909
22913
22914
22915
22918
22920
22921
22924
22925
22926
22927
22930
22931
22934
22936
22938
22941
22943
22944
22948
22949
22954
22955
2296
2297
22976
22979
22981
22982
22984
22985
22986
22987
22989
2299
22992
22993
22995
22996
22997
22998
22999
23001
23002
23007
23011
23012
23014
23016
23019
23020
23022
23023
23024
23026
23028
23034
23035
23036
23037
23038
23039
2304
23040
23041
23042
23043
23046
23047
23048
23049
23051
23052
23054
23057
23062
23064
23066
23070
23071
23072
23074
23075
23077
23078
2308
23080
23081
23082
23085
23086
23087
2309
23090
23091
23092
23093
23094
23096
23097
23099
231
23101
23105
23107
23109
23112
23113
23114
2312
23120
23122
23125
23126
23127
2313
23131
23132
23136
23137
23138
23140
23142
23143
2315
23150
23154
23158
23160
23161
23164
23165
23167
23169
2317
23171
23173
23174
23175
23177
23179
2318
23180
23185
23186
23189
23190
23191
23194
23195
23196
23197
23198
23200
23201
23204
23209
2321
23210
23213
23214
23215
23216
2322
23220
23224
23225
23228
23229
23230
23231
23232
23233
23234
23235
23236
23239
23242
23243
23244
23245
23247
23250
23252
23253
23254
23256
23258
23259
2326
23261
23262
23265
23268
2327
23270
23271
23274
23276
2328
23281
23283
23285
23286
23287
23288
23291
23293
23294
23299
23300
23301
23304
23305
23307
2331
23310
23312
23314
23316
23317
2332
23321
23322
23327
23328
23329
23331
23332
23333
23334
23335
23336
23338
2334
23341
23344
23345
23347
23348
2335
23350
23351
23352
23355
23358
23359
23361
23362
23365
23366
23367
23369
23376
23378
23380
23381
23382
23384
23385
23386
23387
23389
2339
23390
23395
23397
23398
23403
23405
23408
23409
23411
23412
23414
23415
23418
2342
23421
23423
23424
23426
23429
23431
23432
23433
23438
23439
23440
23443
23446
23450
23451
23452
23460
23461
23462
23468
23469
23471
23473
23478
23479
23480
23483
23484
23493
23498
23499
23500
23503
23504
23505
23507
23508
23512
23514
23515
23516
23518
23519
23520
23522
23527
23530
23531
23533
23534
23536
23541
23543
23544
23548
23549
2355
23552
23553
23554
23556
23560
23562
23566
23576
23580
23586
23588
2359
23592
23593
23594
23595
23596
23598
23600
23601
23603
23604
23607
23609
23613
23619
23620
23621
23626
23629
23633
23635
23637
23639
23641
23643
23647
23648
23650
23657
23660
23671
23677
23678
23682
23683
23704
23705
23731
23732
23741
23760
23762
23764
23767
23768
23769
23774
23782
238
2395
24
240
241
24138
24141
24145
24147
2444
245711
245802
245913
245915
245927
245928
245972
245973
246
246175
246176
246182
246213
246243
246312
246744
2475
2483
2487
2488
2491
2492
2494
25
2512
2515
2519
2520
2526
252839
252884
252983
252995
2530
253012
253017
2531
253152
253260
253264
253314
2534
253430
253461
253558
253559
253582
253635
253639
253650
253714
253738
253769
253782
253827
253832
253943
253959
253970
254042
254048
254065
254158
254170
254225
254240
254251
254268
254312
254394
254427
254428
2547
2548
254827
254887
254896
2549
254950
254956
254973
2550
255025
255043
255082
2551
255104
255130
255220
255231
255252
2553
255324
255330
255349
255394
2554
255403
255480
255488
2555
255520
2556
255631
2557
255738
255743
255762
2558
255877
2559
255926
255928
255967
2560
256006
256051
256076
2561
256130
256144
256148
2562
256227
256297
256309
256355
256356
256380
256394
256435
2565
256536
256586
2566
256691
2567
256710
256714
256764
256880
256892
2569
256979
256987
257
2570
257019
257068
2571
257101
257144
257160
257169
257194
2572
257202
257218
257313
257396
257397
257415
25758
25766
25769
25770
25771
25775
25778
25780
25782
25788
25791
25793
25797
25798
25799
258
25801
258010
25802
25806
2581
25813
25814
25816
2582
25820
25821
25825
25827
25831
25833
25834
25836
25841
25842
25843
25847
25849
2585
25850
25851
25852
25859
25862
25865
2587
25870
25874
25875
25879
25880
25886
25888
2589
25890
25891
25893
25896
25897
25898
2590
25901
25902
25903
25904
25906
25909
2591
25912
25913
25914
25917
25921
259217
259230
259232
259234
25924
259240
259249
25925
25926
259266
25927
25928
259282
259283
259286
25929
259295
259296
25934
25936
25937
25938
25940
25941
25942
25948
25950
25957
2596
25966
25972
25973
25975
25976
25977
25978
25981
25988
25994
25996
25998
26000
26001
26002
26003
26005
26009
26010
26011
26013
26018
26019
26022
26025
260293
26030
26031
26032
26033
26034
26035
26036
26037
26040
260425
260436
26046
26047
26049
26050
26051
26052
26053
26054
26056
26057
26058
26059
26061
26064
26077
26084
26085
26090
26091
26092
26098
26103
26108
26115
26118
26119
26122
26133
26135
26136
26137
26138
26140
26146
26147
26152
26154
26156
26160
26166
2617
261726
261729
261734
2619
26191
262
2620
26207
26212
26224
26225
26227
26228
26230
26232
26234
26235
2624
26240
26249
2625
26251
26253
26255
26256
26257
26258
26259
26260
26262
26263
26266
26267
26268
26269
2627
26272
26275
26278
2628
26280
26281
26285
26289
26292
26297
26298
2632
2633
26330
26338
26339
2634
26343
2635
26354
26355
2641
2643
2646
26468
26469
2647
26471
26476
2648
2649
26493
26494
26496
26499
2650
26503
26504
26507
26508
26509
2651
26511
26512
26515
26520
26521
26524
26525
26532
26574
26577
26578
2658
26585
26586
26589
2660
2661
26610
2662
2665
26659
266722
266727
266812
26686
2669
266917
266919
267
267002
267004
267012
2672
2673
26735
26737
2674
26747
26750
26751
26765
26769
2677
26770
26771
26774
26775
26782
26786
26789
26790
26791
26795
26796
26798
26802
26804
26805
26806
2681
26813
26814
26815
26820
26828
26829
2683
26830
26872
269
2690
2692
2693
26952
26953
26958
26959
26960
2697
26973
26974
26986
26994
26996
26998
26999
270
2700
27000
27004
2701
27010
27012
2702
27020
2703
27031
27032
27034
27037
27039
27044
2706
27063
27065
27067
27068
27069
2707
27071
27072
27074
27075
27085
27086
27089
27094
27097
27098
27099
27101
27107
27115
2712
27122
27123
27125
27127
2713
27130
27131
27133
27136
27143
27145
27146
27147
27148
27152
27154
27159
27163
27164
27165
27166
27173
27177
27180
27181
27185
2719
27190
27197
27199
272
2720
27229
27230
27233
27235
27236
27241
27242
27244
27249
27250
27252
27253
27255
27257
27283
27284
27286
2729
27291
27292
27294
27295
27299
273
27300
27302
27303
27306
27309
2731
27314
27315
27319
27324
27327
27329
2733
27330
27332
27333
27334
2734
27340
27342
27345
27347
27351
2736
2737
2739
2740
2741
2742
27429
2743
27430
27436
2744
27445
2745
2747
2752
2762
2764
2766
2768
2770
2771
2773
2774
2775
2776
2778
2779
2787
279
2791
2792
2794
2796
2799
280
2800
2803
2804
2805
2806
280664
2813
2817
2819
2820
2822
2823
28232
28234
2824
2825
282566
282616
282618
282706
282763
282770
282775
282809
282890
2829
282966
282991
282996
282997
283
2830
283011
283033
283045
283078
283080
283089
283092
283093
2831
283102
283104
283106
283143
283159
28316
283160
283162
283165
283171
283174
283177
283189
283197
283208
283209
283267
283284
283297
283298
283310
283316
283337
283349
283358
283365
283392
2834
283403
283404
283420
283431
283432
283446
283450
283455
283459
283461
283463
283464
283480
283481
283483
283487
283491
2835
283507
283514
283537
283547
283553
283554
283576
283587
283592
283596
283598
283629
283635
283651
283652
283659
283683
283738
283742
283755
283777
2838
283867
283888
283922
283927
283953
283982
284
284034
284040
284058
284076
284100
284110
284131
2842
284215
284217
284252
284254
284257
284260
284266
284274
284276
284293
284306
284307
284312
284323
284340
284346
284348
284349
284369
284370
284371
284390
284395
284406
284408
284412
284415
284440
284443
284485
284486
2845
284525
284532
284546
284576
284581
284611
284612
284613
284654
284656
284695
284697
284716
284729
284827
2849
284900
284992
284996
284998
285
2850
285025
285045
28511
285116
28513
28514
285141
285154
285172
285175
285180
285193
285195
285203
285205
285220
285224
285237
285266
285267
285268
285286
285311
285313
285315
285326
285331
285335
285343
285362
285367
285375
285381
285386
285401
285419
285440
285441
285456
285501
285512
285513
285521
285525
285527
285533
285540
285547
285548
285550
285555
285577
285593
2856
285600
285601
285605
285622
285636
285643
285668
285671
285672
2857
285704
285708
285735
285753
285755
285759
285761
285762
285780
285782
285796
285800
285819
285848
285852
285877
285888
285954
285958
285962
285965
285987
286
286006
286023
286042
286046
286053
286097
2861
286133
286144
286151
286183
286187
2862
286205
286223
2863
286333
286343
286359
286362
286365
286411
286451
286467
286480
286495
2867
286749
286826
286827
2869
287
2874
2877
2878
288
2880
2882
2886
2887
2888
2889
2890
2891
2892
2893
2894
2895
28951
28952
28955
28958
28960
28962
28965
28966
28969
2897
28970
28973
28977
28978
2898
28981
28982
28983
28984
28989
2899
28990
28992
28996
28998
28999
2900
29015
29028
2903
29034
2904
29057
29062
29063
29065
29066
29068
29070
29074
29075
29078
2908
29080
29081
29082
29083
29087
29088
29090
29091
29093
29094
29095
29097
29099
29102
29103
29104
29106
29107
2911
29110
29114
29116
29118
29119
29121
29124
29126
29127
2913
2914
2915
2917
2918
2919
2920
2921
2922
2923
2926
2932
2934
2935
2939
2941
2956
2957
2958
2959
2960
2961
2963
2967
2971
2974
2975
29760
29761
29765
29766
29767
2977
29777
29780
29789
2979
29798
29800
29801
2984
29842
29843
29851
2986
29880
29883
29887
29889
29890
29895
29896
29903
29904
29909
29914
29915
2992
29920
29922
29923
29925
29927
29929
2993
29931
29937
2994
29940
29941
29942
29945
29949
2995
29951
29953
29956
29957
29958
29964
29966
29967
29968
29969
2997
29970
29974
29979
2998
29980
29982
29988
29991
29993
29994
29995
29999
30
3001
30010
30011
30012
3003
3006
30061
30062
3007
3009
301
3010
3012
3013
3014
3015
3017
3018
302
3024
3026
303
3030
3032
3033
3034
3035
3037
3038
3046
305
306
3060
3061
3062
3064
3065
3066
3067
3068
307
3070
3074
3075
3077
308
3080
3081
30811
30813
30819
3082
30820
30834
3084
3087
309
3090
3091
3092
3096
3097
3098
31
310
3101
3108
3109
3110
3112
3113
3116
313
3131
3139
3140
3141
3142
3145
3146
3148
3150
3151
3155
3156
3157
3158
316
3161
3167
3169
317
3170
3174
3175
3176
317649
317662
317671
317701
317703
317705
317749
317751
317761
317772
3178
3181
3183
3184
319
3190
319100
319101
3192
3198
3199
320
3200
3201
3202
3203
3204
3205
3206
3207
3208
3209
321
322
323
3231
3234
3235
3236
3237
3238
3239
324
3240
3248
3250
3257
3263
326343
326624
326625
3267
3269
3273
3274
327657
328
3280
3281
3283
3284
329
3290
3293
3294
3295
3298
3299
33
330
3301
3306
3308
3316
3320
3321
3326
3329
3336
333926
333932
334
3346
3347
3351
3352
3354
3355
3356
3358
3359
3360
3361
3363
3364
3371
3375
3376
337867
337873
337876
337878
337879
337880
337882
337959
337960
337963
337966
337967
337968
337969
337970
337971
337972
337973
337974
337975
337976
337979
337985
338
338069
3381
3382
338322
338323
338376
338398
338427
338428
338429
338433
338436
338557
338567
338579
338596
338599
338645
338651
338661
338674
338675
338699
338755
338785
338809
338821
338862
338864
338949
339166
339210
339287
339290
339298
339302
339318
339324
339327
339344
339345
339400
339416
339448
339479
339488
339500
339505
339524
339535
339539
339559
339593
339745
339761
339766
339788
339789
3398
339822
339829
339855
339862
339894
339896
3399
339926
339929
339965
339967
339977
34
3400
340069
340075
340094
340120
340156
340168
340205
340206
340252
340267
340273
340277
340351
340419
340441
340481
340485
340527
340554
340562
340578
340591
340654
340706
340745
340784
340895
340900
340980
340990
341019
341032
341116
341208
341276
341277
341346
341350
341359
341392
341568
341640
341676
3417
341799
341880
341883
341947
342035
342125
342184
3422
342357
342371
342372
3426
342618
342865
342892
3429
342900
342908
342909
342926
342933
343
343069
343099
3431
343169
3434
343413
343450
343472
343505
343578
3437
343702
343930
343990
344018
344022
3441
344148
344167
3442
3443
344387
3444
344454
3445
344558
344561
3446
344658
344758
344787
3448
344805
344807
344838
344875
344892
3449
344901
344905
345062
345079
3451
345193
3452
345274
3453
345462
345557
3456
345630
345643
345651
345757
345778
3458
345895
3459
345930
3460
346007
346157
346389
346517
346525
346562
346653
346673
346689
3467
347
347051
347168
347169
347344
347404
347442
347475
347487
3475
3476
347686
347689
347730
347731
347733
347734
347735
347736
347744
347745
347746
3479
3480
348094
348158
3482
348249
348327
3484
3485
3486
348645
348654
3487
348751
348801
348808
348825
348840
348938
348980
348995
3490
349075
349114
349152
349408
349565
349633
349667
351
3516
352999
353088
353116
353145
353164
353174
353189
353219
353322
353324
353345
353355
353376
354
355
3550
3551
3552
3554
3556
3557
3558
3559
356
3562
3565
3566
3568
357
3572
3575
3577
3578
3579
358
3580
3586
3587
359
3592
3593
3595
3597
359787
359822
359948
36
360
3600
360023
3601
360155
360203
3603
3604
3605
3606
361
3611
3612
3613
3617
362
3620
3624
363
3631
3632
3635
3638
3641
3642
3643
3645
3646
3653
3655
3656
366
3662
3664
3667
3670
3672
3673
3675
3676
3678
3679
3680
3685
3688
3693
3694
3695
3696
3698
3702
3703
3705
3707
3708
3709
3712
3716
3717
3720
3725
373
3735
373509
3736
3737
3738
373861
373863
3739
374
3741
3742
374286
374354
374355
374378
374383
374393
3744
374443
374462
374470
374491
3745
3746
374618
3747
374819
374860
374864
374868
374897
374899
374900
374928
374977
375
375035
375056
375061
3751
375196
3752
375287
375295
375298
3753
375337
3754
375444
375449
3755
375513
375519
375567
3756
375611
375612
375743
375748
375759
3758
3759
375940
3760
376132
3762
376267
3763
3764
376412
3765
3766
376693
3767
3768
3769
3772
3773
3775
3776
3777
3778
3779
3781
3786
3787
3788
378805
378807
378828
378884
378925
3790
3791
3795
3796
3797
3799
38
3800
3809
3812
3815
3816
3818
382
3820
3821
3822
3823
3827
383
3833
3834
3836
3837
3839
384
3840
3841
3842
3843
3845
3846
3849
3850
3851
3855
3856
386597
386617
386618
386627
386677
386758
387032
387065
387103
387104
387111
387119
387129
387264
387266
387273
387316
387332
387338
387357
387486
387496
387509
387597
387638
387646
387647
387694
387695
387700
387707
387712
387715
387718
387751
387755
387758
387804
387836
387837
387849
387882
387890
387895
387911
387923
387990
388
388007
388121
388125
388228
388272
388276
388336
388394
388514
388523
388524
388531
388536
388555
388558
388561
388566
388567
388569
388630
388646
388662
388667
388695
388701
388714
388722
388730
388743
388759
388799
388813
388931
388946
388962
388965
389
389015
389023
389043
389072
389073
389090
389114
389136
389151
389158
389161
389170
389203
389206
389207
389208
389289
389333
389336
389396
389400
389421
389432
389434
389458
3895
389549
389558
389610
389641
389643
389668
389676
389677
389705
389762
389763
389765
389766
389840
389874
389895
389898
3899
389932
389941
39
390
390003
390036
390037
390038
390054
390058
390059
390093
390113
390142
390144
390148
390151
390152
390154
390155
390157
390162
390167
390168
390174
390195
390197
390231
390245
390260
390275
390321
3904
390431
390445
390594
390595
390598
3906
390732
3908
390858
390882
390883
390892
3909
390916
390927
390980
390999
391
3910
391013
391051
391059
391104
391107
391114
391189
3912
391253
391257
391365
3914
391475
3915
391518
3916
391712
3918
3920
3921
392138
392232
392309
392360
392364
392376
392390
392392
392452
392490
3925
392636
3927
3930
3936
3937
3938
394
3945
395
3953
3958
3964
397
3972
3973
3977
3980
3981
3983
3987
3988
399
3990
3991
399669
399670
399671
399687
399694
399697
399717
3998
399814
399815
399823
399827
399876
399881
399923
399947
399949
399959
399967
399968
399979
40
400
400027
400058
400084
4001
400110
400120
400121
400221
400224
400238
400242
4004
400410
400451
400456
4005
400500
400506
400508
400604
400617
400618
400619
400643
400655
400657
400680
400696
400713
400757
400759
400765
400793
400798
4008
400804
400818
400823
400830
400866
4009
400940
400941
400946
400950
400952
400954
400955
400957
400960
400961
4010
401014
401024
401027
401036
401082
401093
401097
401124
401136
401138
401145
401149
401164
401190
4012
401207
401236
401237
401260
401265
401282
401288
4013
401321
401324
401399
4014
401431
401463
401474
401491
401498
4015
401535
401541
401546
401548
4016
401665
4017
4018
402055
402117
402135
402176
4026
402665
403150
403253
403257
403274
403277
403284
4033
403315
403339
403341
4036
4040
404093
404201
404203
404220
404281
4045
404552
404663
404672
404734
404744
4048
405
4051
4052
4053
405754
406
4060
4064
4065
4067
406881
406882
406886
406887
406888
406890
406891
406892
406893
406894
406899
406901
406905
406906
406908
406910
406911
406916
406919
406922
406926
406928
406930
406938
406939
406940
406945
406947
406949
406951
406952
406953
406955
406960
406962
406963
406968
406971
406975
406977
406979
406980
406981
406982
406987
406989
406995
406996
406998
406999
4070
407001
407006
407007
407008
407011
407012
407016
407017
407019
407021
407024
407028
407029
407030
407032
407033
407035
407036
407043
407044
407047
407048
407049
407056
4071
4076
407975
408
4081
4082
408263
4084
4085
4086
4087
4088
4089
4091
4093
4094
4107
411
4112
4113
4114
4115
4117
4118
412
4121
4124
4126
4128
4129
4130
4131
4133
4134
4137
4139
4140
414061
414149
414194
414197
4142
414201
414208
414243
414245
414260
4143
414301
414319
414328
4144
4147
414760
414764
414777
414778
4148
414899
4149
414927
415117
4152
4153
4154
4155
4159
4160
4162
4163
4166
4168
4171
4172
4173
4174
4179
4189
419
4194
4199
420
4200
4205
4208
4211
4212
4213
4214
4216
4217
4223
4224
4225
4232
4233
4234
4238
4246
4249
4250
4253
4254
4255
4256
4257
4258
4259
4261
427
4281
4285
4286
4287
4288
4289
429
4291
4292
4293
4297
4298
4299
4300
4306
4311
4312
4313
4314
4316
4317
431704
431707
4319
4321
4322
4325
4327
433
4331
4336
4337
4338
4340
4342
4343
4345
435
4356
4363
43847
439916
439941
439949
439950
439996
440
440021
440040
440041
440068
440073
440081
440087
440097
440104
440107
440119
440131
440132
440138
440145
440163
440173
440193
440279
440311
440387
440434
440515
440560
440584
440585
440603
440689
440695
440699
440700
440730
440738
440757
440823
440854
440900
440910
440915
440944
440952
440970
441024
441027
441046
441054
441056
441061
441072
441089
441094
441108
441151
441161
441172
441177
441204
441212
441234
441250
441282
441369
441374
441376
441394
441455
441457
441459
441502
441601
441631
441908
441932
441933
441951
442028
442038
442075
442117
442132
442191
442213
442229
442247
442319
442361
442388
442421
442425
442454
442459
442720
442890
442892
442894
442895
442896
442900
442903
442904
442911
442912
442920
443
4430
4436
4437
4438
444
445
445372
445815
4477
4478
4481
4482
4489
4490
4493
4494
4495
4496
4498
4499
4500
4501
4502
4507
4520
4522
4524
4534
4543
4544
4547
4548
4552
4585
4589
4593
4595
4599
460
4600
4601
4602
4603
4604
4609
4610
4613
4615
4617
4618
4619
462
4620
4621
4622
4626
4627
4629
463
4632
4637
4638
4640
4642
4643
4644
4645
4646
4648
4649
4651
4653
4654
4656
4659
466
4660
4664
467
4670
4673
4677
4680
4682
4683
4684
4685
4686
4690
4692
4693
4695
4697
4698
4700
4702
4703
4704
4705
4707
471
4710
4712
4714
4715
4717
4719
472
4724
4729
473
4731
4734
4739
474
4741
474344
474354
4744
4745
4747
475
4750
4751
4752
4753
4756
476
4760
4763
477
4772
4773
4774
4776
4780
4781
479
4790
4791
4794
4798
4799
48
4800
4801
4802
4803
4807
4808
481
4810
4815
4818
4820
4824
4825
4826
4828
4829
483
4837
4838
4842
4848
4849
4850
4853
4857
486
4860
4863
4864
4867
4883
4886
4887
4888
4889
4892
4893
4897
490
4901
4904
4905
4907
4908
491
4914
4915
4916
4919
4920
4921
4922
492303
4925
4926
4928
4929
493
4931
4935
493753
4938
493812
493856
493860
493861
493869
4939
493911
493913
4940
494115
494118
494119
494127
494143
4942
494332
494336
494470
494551
4948
495
4956
4967
4969
497189
497258
4973
4976
497634
497661
4978
4982
4983
4985
49854
49855
49856
4986
49861
4988
4990
50
5000
5001
501
5010
5013
5015
5016
5019
5021
5025
5027
5028
5029
5033
503519
503569
5036
503693
503834
503835
504189
504191
5046
5047
50484
50485
50486
50489
5049
50507
50508
50511
50512
50514
50515
5053
5055
5058
50613
50615
50617
50618
50624
5063
50640
50649
50650
50652
5066
5067
5068
5069
50717
5073
5074
5076
5077
5078
5080
50804
50805
50807
50808
50809
5081
50814
5082
5083
50831
50832
50833
50834
50835
50836
50837
50838
50839
50840
50852
50859
50862
50863
50865
5087
5090
5091
5092
5093
50937
50939
5094
50940
50943
50944
5095
5096
5097
5098
5099
50999
51000
51008
5101
51014
51015
51018
51020
51021
51022
51023
51026
51027
51028
51029
51030
5104
51043
51046
51050
51053
51054
51056
51057
51058
51059
5106
51060
51061
51062
51066
51067
51068
51071
51072
51074
51075
51077
5108
51082
51083
51084
51086
51088
51091
51093
51094
51095
51096
51097
51098
5110
51100
51101
51102
51104
51105
51106
51108
51109
51110
51112
51115
51119
51122
51124
51125
51126
51127
51128
51130
51131
51133
51135
51141
51143
51144
51146
51151
51157
51163
51166
51167
51175
51176
51179
51182
51185
51187
51188
51191
51193
51194
51195
51196
51199
51200
51201
51202
51203
51204
51205
51208
51209
51218
5122
51222
51227
51230
51231
51232
51234
51237
51241
51244
51247
5125
51251
51256
5126
51263
51266
51274
51276
51277
5128
51280
51281
51282
51284
51285
51287
51289
5129
51290
51294
51299
51300
51301
51302
51304
51306
51307
51311
51312
51314
51315
51317
51319
5132
51320
51321
51324
51334
51338
51339
5134
51340
51347
51348
51350
51351
51352
5136
51360
51361
51362
51363
51364
51366
5137
51371
51374
51375
51377
51380
51384
51385
51386
51389
5139
51390
51397
5140
51400
51411
5142
51421
51422
51426
51427
51429
51430
51439
5144
51441
51444
5145
51450
51451
51454
51455
5146
51460
51465
51466
5147
51473
51479
51481
51493
51496
51497
51499
5150
51503
5151
51510
51513
51514
51520
51522
51526
51527
51528
51533
51534
51535
51537
51538
51540
51542
51545
51552
51554
51555
51557
51559
5156
51560
51561
51562
51567
51569
5157
51571
51573
51574
51575
51582
51585
51592
51594
51596
5160
51601
51602
51605
51606
51611
51619
5162
5163
51631
51633
51635
51642
51643
51645
51646
51650
51651
51654
5166
51660
51663
51665
51666
51667
5167
51673
51678
5168
51686
5169
51691
51692
51696
51700
51703
51704
51705
51706
51715
51716
51719
5172
51720
51726
51735
51741
51744
51752
51754
51755
5176
51760
51761
51762
51778
5178
51780
5179
51802
51804
51805
51806
51808
51809
5184
5189
5191
5193
5195
5197
52
5201
5203
5204
5205
5208
5212
5213
5214
5216
5218
5228
5229
523
5232
5236
5238
5239
5241
5243
5244
525
5250
5251
5252
5253
5256
5257
526
5260
5261
5265
5267
5268
5269
5270
5271
5273
5274
5275
5276
5277
5279
528
5281
5283
5286
5287
5288
5289
5290
5291
5292
5294
5295
5298
5301
5305
5306
5308
5309
5311
5314
5315
5317
5318
5319
5320
5321
5322
5324
5325
5327
5329
5332
53335
53339
5334
53342
53346
53347
53349
5335
53353
53354
53358
5336
5337
53371
53373
5340
53405
53407
5341
5345
5347
535
5350
5352
5356
5357
5359
53616
5362
53632
53637
5366
5368
5370
5373
5376
5378
5382
53820
53826
53829
53831
53832
53833
53836
53838
53842
53904
53917
53918
53919
5393
53938
53942
53944
5396
53981
540
54014
54020
54033
5406
54069
5407
54072
54075
5408
54082
54084
54088
5409
54090
54093
54102
54103
54107
5411
54112
5412
54143
54148
54149
54165
5420
54205
54206
54207
54209
54210
54212
5422
54221
5431
54329
54331
54332
54346
54363
5437
5440
54407
54414
54429
54431
54432
54433
54434
54435
54436
54437
54438
54439
5444
54443
5445
54453
54454
54456
54458
5446
54462
54464
54465
54467
54468
54469
54476
54477
54482
54487
5449
54494
54495
54496
54497
54499
545
5450
54502
54503
54504
54505
5451
54510
54511
54514
54517
54518
54520
54521
54522
54529
5453
54532
54534
54536
54538
5454
54545
54546
54549
5455
54551
54554
54556
54557
54558
5456
54566
5457
54575
54576
54577
54578
54579
5458
54583
54585
54586
5459
546
54600
54602
54617
54619
5462
54621
54622
54623
54625
5464
54657
54658
54659
54664
54665
54674
54675
54677
5468
54680
54682
5469
54704
54707
5471
54714
54715
54716
54718
54726
54733
54734
54749
54754
54756
54757
54762
54763
54764
54765
54766
54768
54778
54780
54790
54793
54796
54798
54799
5480
54800
54801
54805
54806
54808
54809
5481
54810
54811
54812
54813
54814
54816
54822
54823
54826
54827
54828
54829
54832
54834
54836
54838
54839
54840
54841
54842
54843
54845
54847
54848
54852
54853
54861
548645
54873
54874
54875
54876
54877
54878
54879
54882
54887
54888
54891
54892
54893
54894
54896
54897
54898
54899
549
54901
54902
54914
54916
54918
54921
54926
54927
54928
54931
54933
54934
54935
54937
5494
54940
54941
54946
54947
5495
54951
54954
54955
54957
54959
54960
54968
54970
54974
54981
54984
54986
54988
54989
54995
54997
55
5500
55002
55003
55004
55005
55006
5501
55010
550112
550113
55012
55014
55015
55016
55022
55023
55024
55026
55027
55028
55030
55031
55032
55033
55034
55035
55039
55041
55051
55054
55055
5506
55061
55062
55064
55066
55068
5507
55070
55071
55074
55075
55076
55079
55081
55082
55083
55084
55089
5509
55095
55096
55100
55102
55103
55105
55106
55107
55109
55110
55114
55117
55118
55119
55120
55122
55124
55125
55127
55128
55129
55130
55131
55132
55133
55137
5514
55140
55142
55143
55144
55147
55148
55149
55151
55153
55156
55157
55159
5516
55160
55163
55164
55166
55167
55170
55171
55173
55174
55176
5518
55182
55183
55184
55187
55188
5519
55193
55197
55198
552
5520
55201
55203
55204
55205
55206
55207
55208
55209
5521
55211
55212
55213
55215
55220
55222
55223
55225
55226
55227
5523
55230
55233
55234
55236
55239
55240
55245
55246
55247
55248
5525
55252
55253
55254
55255
55256
55258
55259
55266
5527
55270
55273
55274
55276
55277
55279
55281
55282
55283
55284
552859
55286
552860
55287
55288
552889
55289
552891
5529
55290
55291
55293
55294
55296
55297
55298
55299
553
5530
55300
55301
55304
553115
55313
55314
55315
55319
5532
55320
55323
55326
55327
55328
5533
55330
55331
55332
55333
55334
55335
55336
55339
5534
55342
55346
55347
55349
5535
55350
55351
55353
55355
55356
55357
55359
55363
55366
55370
55374
5538
55388
5540
5542
554201
554202
554213
554226
554236
55425
554251
554279
554313
55432
55435
55437
5544
55449
55454
5546
55466
5547
55471
55472
55486
5550
55500
55501
55502
55504
55507
55509
5551
55510
55512
55520
55521
55526
55530
55531
55532
55534
55536
5554
55540
55544
5555
55553
55554
55556
55565
55568
5557
55571
55572
55576
55577
55578
5558
55582
55584
55585
55589
55591
55592
55599
55601
55602
55605
55607
55608
55612
55614
55617
55619
5562
55622
55628
5563
55631
55632
55633
55634
55635
55636
55638
5564
55640
55644
55646
55647
55650
55653
55654
55656
55659
55660
55661
55662
55663
55664
55665
55667
55668
55669
5567
55672
55676
55677
5568
55681
55686
55689
5569
55691
55693
55699
5570
55701
55703
55705
55706
5571
55711
55713
55714
55717
55718
55727
55728
55729
5573
55732
55733
55734
55735
55737
55742
55744
55745
55746
55750
55751
55753
55755
55756
55757
55758
55759
55760
55761
55762
55763
55768
55769
5577
55770
55771
55775
55776
55777
55778
5578
55780
55781
55784
55785
55786
55788
55789
5579
55790
55791
55795
55796
55798
55799
55800
55801
55802
55805
55809
5581
55810
55811
55813
55814
55816
55818
5582
55821
55824
55825
55827
5583
55831
55832
55833
55835
55839
5584
55840
55841
55843
55844
55847
55852
55853
55854
55856
55858
5586
55860
55862
55863
5587
55870
55872
5588
55884
55885
55888
55891
55892
55893
55900
55901
55904
55906
55907
55909
5591
55917
5592
55929
5593
55930
55958
5596
55967
5597
55970
55971
55972
55973
55975
5599
56
56000
5602
56034
5604
5606
5607
5608
56097
56098
56099
56100
56101
56102
56103
56104
56105
56106
56107
56108
56109
5611
56110
56111
56112
56113
56114
56134
56135
56136
56137
56138
56139
56140
56141
56142
56143
56144
56145
56146
56147
56154
56155
56158
56163
56164
56165
56169
5617
56171
56172
5618
56203
56204
5624
56243
56244
56246
56252
56253
56254
56255
56256
56259
56260
56261
5627
56287
56288
5629
56311
5634
56341
56344
5636
5644
5645
5646
56475
56477
56479
5648
5649
5651
56521
5654
56547
56548
5660
56606
56624
5663
56647
56649
56650
56651
56658
56659
56660
56670
56672
56673
56675
56676
567
56704
5671
5673
56776
5678
5681
5682
56829
5683
56832
56833
5684
56852
56853
5686
56884
56886
56888
56889
5689
56890
56891
56895
56897
56898
56899
5690
56900
56902
56906
56907
56911
56913
56914
56915
56916
56918
5692
56920
56922
56923
56924
56925
56929
56934
56935
56936
56937
56938
56940
56942
56943
56944
56945
56947
56948
5695
56950
56952
56955
56957
56963
56967
56977
56978
56979
56980
56983
56984
56986
56987
56990
56992
56993
56994
56995
56999
570
57000
57007
57016
57018
57037
57038
57047
5705
57057
5706
57062
5707
57084
57088
57089
5709
57091
57092
57094
57095
57096
57097
57099
571
5710
57101
57102
57105
57107
57113
57115
57116
57117
57118
57120
57122
57128
57129
5713
57136
57140
57142
57143
57147
57148
57149
57150
57151
57157
57158
57161
57162
57168
57169
5717
57171
57172
57180
57181
57182
57185
57186
57187
57188
57189
57194
57198
57205
57209
57213
57214
57217
57224
57226
57228
5723
57231
57234
5726
5727
5728
57282
5729
57291
5733
57337
5734
57348
57369
5737
57379
5738
57380
57381
57396
574
574016
57402
574028
574031
574032
574033
574036
574040
57405
57408
5741
57415
57419
5742
5743
5744
574441
574442
574443
574456
574458
574459
57446
574460
574461
574462
574463
574464
574465
574466
574467
574468
574469
57447
57448
574506
574508
57451
574514
574515
57453
574537
57458
57459
5746
57460
57464
57466
57471
57475
57476
57477
57478
57480
57481
57482
57484
57486
57488
57489
57492
57493
57494
57497
57498
57502
57504
57505
57507
57508
57509
57511
57512
57514
57515
57519
57520
57521
57522
57523
57526
57528
57531
57532
57533
57534
57535
57536
57537
57538
57539
57541
57542
57544
57545
57551
57552
57553
57554
57556
57559
5756
57560
57561
57563
57565
57568
57569
57570
57573
57574
57575
57576
57578
57579
57580
57582
57583
57584
57590
57594
57599
57600
57602
57605
57606
57609
57610
57615
57616
57619
57620
57621
57622
57623
57624
57626
57628
57630
57631
57633
57634
57639
5764
57643
57645
57646
57658
57663
57665
57669
57670
57673
57674
57678
57679
5768
57683
57684
57685
57687
57688
57689
57690
57691
57692
57695
57696
57697
57699
57700
57703
57704
57705
57706
57708
57709
5771
57711
57713
57718
57720
57721
57722
57724
57728
57733
5774
5775
57758
57763
57786
57795
57798
5780
57818
57820
57821
57823
57824
57826
57829
5783
57830
57834
5784
57863
57864
5787
5788
5789
579
5791
5792
5793
5794
5795
5796
5797
5799
58
580
5800
5801
5803
5805
5806
581
5810
5814
58155
5816
5817
58190
5820
5825
5828
583
5836
5837
58475
58476
58477
58478
58480
58483
58484
58486
58487
58488
58489
58490
58491
58493
58494
58495
58499
58504
58505
58508
58511
58517
58526
58527
58528
58533
58538
5858
586
5860
5861
5862
5867
5868
5869
5870
5872
5873
5874
5875
5876
5878
5884
5885
5887
5890
5891
5892
5894
5896
5897
5898
58985
5899
59
590
5902
5903
5906
59067
5908
59082
5910
5911
5914
5915
5917
5918
5921
5922
5923
5924
5925
5926
59269
5927
59271
59272
59277
59283
59284
5929
593
5930
5931
5932
5933
59336
59338
59339
5934
59340
59344
59345
59348
59349
59350
59351
59352
5937
5939
594
5947
5948
594837
594838
594839
594840
594857
5949
5950
595097
595098
595099
595100
5954
5955
5957
5959
596
5962
5965
5966
5967
5968
597
5978
5979
5980
5981
5983
5984
5987
5988
599
5990
5991
5992
5993
5994
5995
5996
5997
5998
5999
6000
6001
6003
6005
6009
6014
6017
6018
60314
6035
6037
60370
6038
60385
6039
604
60412
60437
6044
6045
6046
60467
60468
6047
60481
60482
60485
60487
60488
6049
60491
60492
60494
60495
60496
60506
60509
6051
60528
60558
60559
60560
60561
6059
60592
606
60625
60674
60675
60676
60678
60682
60684
60685
60686
607
6079
6083
6086
6090
6091
6092
6093
6095
6096
6097
6098
6101
6117
6119
6120
6121
6124
6125
6129
6130
613212
6133
6135
6139
6144
6152
6156
6157
6161
6164
6167
6168
617
6171
6175
6176
6185
6188
6189
619208
619279
619351
619373
619383
619455
619498
619499
619564
619569
6196
6197
6201
6203
6206
6207
6210
622
6224
6228
6229
623
6231
6235
6238
6239
6240
6247
6248
6249
6251
6252
6258
6259
6262
6263
627
6272
6273
6274
6280
6281
6283
6284
6286
6288
6290
6294
6295
6296
6299
6301
6302
63027
63035
6304
6307
6309
631
6310
6314
6315
6317
6318
6319
632
6320
6322
6323
6326
6328
6331
6332
6334
6335
6336
6338
6340
6341
6344
6348
6351
6352
6356
6358
6359
636
6360
6362
6364
6368
6370
6372
6375
6382
6383
6385
6386
6387
63874
63876
63877
63892
63895
63897
63898
63899
6390
63905
63906
63908
63915
63916
63917
6392
63923
63926
63929
63931
63933
63934
63939
63946
63948
63950
63970
63971
63973
63976
63979
63982
6399
640
6400
64002
64005
6401
6402
6403
6405
64062
64064
64065
64066
64067
64072
64073
64077
64078
64080
64083
64084
64087
64089
64092
64093
64097
64098
64100
64102
64105
64108
64111
64116
64121
64127
64131
641339
64135
641364
641365
641367
641373
641384
641451
641467
64147
64151
641516
641518
6416
641649
641654
64167
64168
64172
6418
6419
642006
64207
64208
6421
64215
64216
64219
6422
64220
64221
64224
642273
6423
64231
64232
642345
642366
6424
64240
64241
6426
6427
64283
64284
642846
642864
64288
6429
642924
642968
642976
642987
6430
6431
643155
643160
64318
64319
6432
64320
64321
643226
643236
64324
643246
64327
64328
6433
643314
64332
643382
643387
6434
643414
643418
64342
64343
643432
643441
643641
643650
643677
643711
643714
64374
643749
64375
64376
64377
643803
643866
64388
643905
643911
64393
64395
643977
64398
64399
644
6440
64400
64403
644041
64405
644068
64407
64410
644100
64412
644150
644168
64418
644189
64419
644192
6442
64420
64422
644242
644246
64425
64426
64429
6443
64431
644314
64432
64433
64434
6444
6445
644511
644524
644554
6446
644649
644660
644669
6447
644714
644759
64478
644844
644873
644943
644945
644962
6450
645027
64506
645104
645121
645158
64518
645206
6453
645323
645369
645513
645591
6456
645682
645683
645687
6457
64577
64579
64581
64582
645884
645996
646
646096
6461
646113
646324
646396
646405
64641
646486
646508
64651
646576
646603
646625
646658
646736
646754
646799
646813
646817
64689
6469
646982
64699
647012
647024
647033
64708
64710
647107
647121
647135
647174
647190
647288
647309
6474
64744
64746
64747
64750
64753
64754
64757
64759
6476
64761
64764
64766
64768
64769
6477
64770
64772
64776
64777
64778
6478
64780
64783
64784
64786
64793
64794
64798
64799
648
6480
64800
64801
64802
64805
6482
64838
64839
6484
64844
64848
64849
64850
64853
64854
64858
64859
64863
64864
64866
6487
648740
648791
64881
6489
64895
648987
649
6490
64900
64901
64902
649159
64919
6492
64921
64922
64924
649264
64927
6493
649395
64940
64946
6495
64960
64963
64965
64968
64979
6498
64983
650
6500
65005
65008
6502
650226
6503
6504
6505
65055
65056
65059
6506
65061
65062
65065
6507
650794
6508
65080
65083
65084
651
65108
65117
65121
65122
65124
65125
6513
651302
6514
651746
6519
652
65217
6523
65243
65244
65251
6526
65266
65267
65268
6527
6529
652972
652991
653
6530
6531
653140
653145
653160
653247
6533
653308
653464
653544
653545
653548
6536
6538
653857
654
6540
6541
6542
654320
654322
654433
654463
654502
6546
6547
6549
655
6555
6556
6557
6558
6559
656
6561
6563
6564
6566
6567
6568
657
6570
6571
6572
6575
6578
6579
658
6580
6581
6582
6583
6584
6585
6586
6588
659
6591
6595
6596
65975
65977
65979
65981
65982
65985
65986
6599
65997
660
66000
66008
6601
6602
6603
66036
66037
6605
6609
6610
6611
6616
6617
6619
6620
6622
6623
6627
6628
6629
663
6635
6636
6638
664
6640
6641
6643
6647
664701
664709
6648
6649
665
6651
6653
6654
6655
6657
6658
6659
6660
6662
6664
6666
6667
6668
667
6670
6671
6672
6674
6675
6676
6677
6678
668
6683
669
6690
6691
6694
6695
6696
6698
6708
6709
6710
6711
6712
6713
6715
6716
6717
6718
6728
6729
673
6730
6731
6732
6733
6737
6741
6742
6745
6747
675
6750
6751
6752
6754
676
6760
6764
6767
6768
6769
6770
6772
6773
6774
6775
6776
677679
6777
677765
677766
677767
677768
677769
677772
677775
677779
677792
677793
677794
677798
677803
677805
677806
677810
677812
677814
677818
677819
677822
677827
677828
677832
677834
677841
677843
677845
677882
677885
6779
678
6781
6783
6785
6786
6788
6789
6790
6792
6793
6795
6801
6809
6814
6815
6819
6821
683
6832
6833
6834
6835
6836
6837
6838
6840
6846
6847
684959
685
6850
6854
6857
686
6860
6863
6867
6868
6869
687
6870
6873
6874
6875
6879
688
6880
6881
6882
6884
6885
6887
689
6891
6892
6894
6895
6897
6898
690
6900
6902
6904
6905
6907
6908
6910
6913
6916
6917
6920
692057
692058
692063
692072
692075
692076
692085
692086
692090
692092
692093
692094
692099
692110
692111
692157
692195
692196
692197
692198
692205
692209
692210
692214
692223
692234
692235
6925
6926
6928
693122
693123
693125
693126
693127
693128
693130
693131
693136
693141
693142
693143
693146
693148
693152
693153
693154
693158
693159
693160
693163
693165
693168
693170
693171
693176
693177
693183
693185
693188
693189
693190
693195
693199
6932
693202
693203
693205
693206
693207
693208
693213
693214
693215
693221
693228
693233
6934
6935
6936
6938
694
6942
6943
6944
6947
6949
695
6950
696
6975
6991
6992
6996
6999
70
7003
7006
7009
701
7010
7011
7012
7013
7018
7019
7020
7021
7025
7026
7027
7029
7035
7038
7039
7042
7045
7046
7048
7049
705
7050
7051
7053
7056
7057
7066
7067
7068
7071
7073
7074
7078
7079
7080
7082
7088
7090
7091
7092
7093
7094
7095
7096
7097
7098
7099
710
7101
7102
7103
7104
7105
7107
7109
7110
7111
7112
7113
712
7128
713
7130
714
7141
7143
7145
7150
7153
7155
7158
7159
7162
7164
7166
7170
7172
7174
7175
7178
7180
7181
7182
7184
7185
7187
7188
7189
719
7190
7201
7203
7204
722
7220
7222
7223
7224
7225
7227
723790
723809
723972
724023
724028
724029
724033
724068
7247
7248
725
7251
7253
7257
7259
7265
7266
7267
7268
727
7270
7272
7273
7274
7275
7276
727677
727896
727915
727936
728012
728024
728039
728066
728081
728118
728130
728190
728192
728215
728276
728299
728342
728402
728410
728411
728431
728448
728464
728558
728568
728577
728591
728597
728606
728619
728621
728635
728640
728643
728655
728723
728724
728739
728752
728773
728780
728841
728858
728927
728989
729
729013
729025
7291
729121
729156
729171
729178
7292
729238
729330
729338
7294
729467
729475
7295
729515
729582
7296
729609
729627
729633
729665
729723
729732
729799
7298
729830
729862
7299
729930
729993
730
730087
730091
730101
730152
730183
730198
7302
7306
7307
730811
731
731157
731220
732
7321
732253
7323
7324
7325
7326
7334
7336
7337
734
7341
7342
7345
7347
7348
735
7350
7357
7360
7363
7364
7365
7368
7369
7371
7373
7374
7378
7381
7386
7390
7398
7399
7401
7402
7405
7410
7412
7414
7416
7424
7430
7431
7432
7433
7436
744
7443
7444
7447
7450
7453
7456
7464
7465
7471
7472
7473
7474
7476
7479
7480
7482
7485
7486
7490
7494
7498
7504
7507
7508
7511
7514
7515
7518
7520
7525
7529
753
7533
7534
7541
7545
7549
7554
7561
7562
7565
7566
7567
757
7570
7571
7572
7579
758
7580
7581
7582
7584
7587
759
7594
7596
7597
760
761
7620
7633
7634
7638
7639
7643
7644
7652
767
7673
767558
7678
7681
768211
768219
7686
7690
7691
7692
7694
7696
7697
7701
7702
7704
7705
7707
771
7710
7711
7716
7718
7726
7728
773
7730
7733
7738
7741
7743
7745
7746
775
7750
7753
7756
7757
776
7761
7762
7763
7766
7767
7768
7769
777
7770
7771
7772
7773
7775
7776
778
7781
7782
7783
7786
7789
779
7795
7798
7799
7802
7803
7804
7805
7809
781
7812
7813
7827
783
7837
7840
7844
7849
785
7852
7855
7857
786
7867
7873
7874
7879
7881
78986
78988
78989
78990
78991
790
79005
79020
79022
79023
79024
79027
79029
7903
79033
79039
79042
79048
7905
79054
79056
79066
79068
79071
79072
79074
79075
79078
79083
79084
79091
79096
79097
79098
79100
79101
79109
791114
791115
7913
79132
79133
79134
79135
79139
79143
79145
79148
79149
7915
79152
79157
79158
79161
79165
79169
79170
79175
79188
79190
79191
79192
79290
79295
793
79310
79317
7932
79324
79339
79345
79365
79366
79368
79370
794
79400
7941
79413
79443
79446
79469
79544
7957
79570
79573
79577
79582
79587
79590
79595
79596
79598
796
79605
79607
79608
79609
79611
79612
79613
79616
79618
79621
79623
79625
79626
79627
79628
79632
79633
79634
79635
79639
79640
79642
79644
79645
79646
79648
79656
79657
79658
79659
79663
79666
79668
79669
79673
79674
79677
79679
79683
79684
79685
79689
79692
79694
79695
79698
79705
79711
79712
79716
79717
79718
79719
79722
79725
79726
79727
79730
79733
79739
79740
79741
79744
79745
79746
79747
79750
79752
79753
79754
79755
79758
7976
79762
79768
79772
79776
79780
79781
79782
79783
79785
79788
79789
79794
79796
79799
7980
79800
79801
79802
79804
79805
79807
79809
79811
79812
79814
79815
79817
79819
7982
79820
79822
79823
79827
79828
79831
79832
79834
79838
79839
79843
79848
79853
79857
79858
79861
79862
79865
79866
79870
79871
79872
79875
79876
7988
79882
79884
79885
79886
79887
79888
79890
79891
79892
79895
79896
79897
79898
79899
799
79901
7991
79912
79913
79925
79929
7993
79931
79932
7994
79940
79944
79947
79949
79953
79956
79957
79959
79960
79961
79966
79969
79971
79974
79977
79980
79982
79986
79987
79989
79992
79993
800
80000
80005
80006
80007
8001
80010
80011
80012
80014
80019
80024
80031
80034
80035
80036
80055
80059
80063
80067
80069
80070
80071
80095
80099
80110
80111
80114
80115
80117
80124
80129
8013
80133
80135
80139
80143
80144
80145
80146
80148
80149
80155
80157
80173
80174
80176
80177
80179
80184
80185
8019
80195
80196
80201
80204
80205
80206
80209
8021
80210
80212
80215
80216
80218
80219
8022
80223
80224
80227
80231
80232
80237
80243
80254
80255
80258
80262
80263
80264
80267
8027
80274
80279
8028
8029
8030
80303
80306
80308
80309
8031
80310
80311
80314
80315
80317
80318
80319
80320
80321
80323
80325
80333
80335
80336
80342
80343
80344
80345
80349
80350
80351
80352
8036
8038
80380
80381
8048
805
8065
80704
80705
80709
80724
80727
80731
8074
80745
80746
80759
8076
80760
80762
80790
80816
80817
80818
8082
80820
80821
80824
80831
8085
80851
80852
80853
80854
8086
8087
8089
80895
80896
8091
8092
80975
810
8100
81025
81027
81030
81031
81035
81050
8106
8110
8111
8115
81168
8123
8125
8128
81282
81285
813
81300
81309
81318
81327
81328
8139
814
81469
81470
8148
81488
81491
81494
81501
81532
81533
81537
81539
81542
81545
81550
81551
81552
81553
81555
81558
81562
81563
81566
81567
81569
81570
81571
81572
81573
81575
81577
81578
81579
81602
81606
81608
81609
81610
81611
81614
81615
81617
81619
81624
81626
8165
81671
81689
81696
81697
81698
817
8170
81704
81706
81788
81792
81793
81796
81797
818
81831
81832
81833
81839
81846
81847
81849
81853
81875
81888
81892
81894
819
81929
81930
81931
8195
8204
8208
8224
8228
8233
8239
824
8242
8288
8289
829
8290
8291
8292
8294
8295
830
8301
8302
8303
8309
831
8313
8314
8315
8317
832
8320
8321
8322
8323
8325
8329
8330
8331
8332
8335
8336
8337
8338
8339
834
8340
83401
8341
83416
83417
8342
8343
8344
83440
83445
83446
83447
83448
83449
8345
83452
8346
83463
83464
83468
83473
83478
8348
83480
8349
8350
8351
8352
8353
83539
8354
83540
83548
83549
8355
83551
8356
8357
8358
8359
83591
83592
83593
83594
83595
836
8360
83604
83605
83607
83608
8361
8362
8363
83636
8364
83641
83643
83648
8365
83650
83657
83658
8366
83660
83661
83666
83667
8367
8368
8369
83690
83692
83693
83696
83697
83698
83699
837
8370
83700
83715
83732
83734
83737
83741
83742
83752
83759
83787
8379
83795
838
83849
83850
83851
83852
83853
83856
83857
83860
83861
83872
83873
83875
83879
83884
83889
83890
83891
83892
83893
83894
83930
83932
83937
83939
8394
83940
83941
83943
8395
83956
8398
83982
83988
83989
83990
83992
83998
83999
840
84000
8402
8403
84034
8404
84056
84057
8406
84060
84062
84064
84066
84067
84068
84071
84075
84076
84077
84079
84083
84085
841
84100
84101
84102
84103
84105
84106
84107
84108
84109
8411
8412
84125
84128
84129
84131
84133
84135
84140
84141
84144
84146
84154
84159
8416
84162
84168
8417
84172
84174
8418
84181
84186
84187
84189
8419
84190
84193
84196
84197
84206
84216
84217
84223
84224
84226
84230
84233
84236
84239
8424
84240
84248
84251
84253
84259
84263
84267
8427
84272
84273
84274
84275
84279
8428
84280
84281
84283
84288
84290
84294
84295
84296
84298
84299
843
84301
84302
84303
84307
8431
84313
84317
84319
84320
84324
84327
84332
84333
8434
84340
84343
8438
8439
844
8440
84418
84419
8443
84432
84433
84436
84437
8444
84440
84441
84443
84449
8445
84450
84455
84456
84457
84458
84460
84461
84465
84466
84467
8449
84498
845
8450
84503
84504
8451
84514
84515
84516
84517
8452
84525
84527
84529
8453
84530
84532
84539
8454
84541
84542
84547
84549
84553
84560
84561
84569
84570
8458
8459
846
8460
84612
84614
84617
84620
84623
84624
84631
84632
84636
84639
8464
84640
84643
84647
84648
84649
84650
84659
84660
84665
84666
84667
84668
84669
8467
84671
84674
84675
84677
84678
84679
84684
84687
84688
84689
84691
84692
84693
84695
84698
847
8470
84700
84706
84708
84709
84719
84725
84726
84735
84747
84749
84750
84752
8476
84765
84767
8477
84775
84779
84789
84790
84791
84795
8480
84804
84809
8481
84811
84812
84816
84820
84824
84826
84830
84832
84837
84838
84844
84847
84848
84850
84858
84867
84868
84869
8487
84870
84871
84872
84874
84878
84879
84881
84886
84888
84892
84897
84898
84899
8490
84900
84902
84905
8491
84911
84912
84918
84919
8492
84920
84923
84924
84931
84932
84933
84934
84935
84937
84938
84944
84945
84947
8495
84951
84952
84953
84955
84959
8496
84961
84962
84966
84969
8497
84970
84976
8498
84985
84987
84989
8499
84991
8500
85004
85007
85013
85015
85019
8502
85021
85025
85027
8504
8505
8507
8512
8514
8516
8520
8521
8522
85235
85236
8526
8527
8528
8529
8530
85301
8531
85313
85315
85316
85317
85318
85319
8534
85364
85365
85369
8537
85379
8538
8539
85397
8540
85403
85406
85407
85413
85414
85415
8542
8543
85437
85438
85439
8544
85440
85443
85444
85445
85449
8545
85450
85453
85455
85457
85458
8546
85460
85461
85462
85463
85464
85476
85477
85479
8548
85480
85481
8549
85495
8551
8553
8554
8555
8556
85569
8557
8559
8562
8563
8564
8566
857
8572
8573
8575
8577
858
85865
859
8590
86
860
8600
8601
8604
8605
8607
8609
861
8615
8618
862
8620
8621
8622
8624
8626
8630
8631
8633
8641
8642
8644
8646
8647
8648
8649
8650
8654
8655
8658
8661
8667
8669
867
8671
8672
8674
8675
8676
868
8682
8683
8690
8692
8693
8697
8701
8702
8706
8707
8710
8712
8715
8717
87178
8720
8724
8725
8726
8727
8728
8729
873
8731
8732
8735
8736
8738
8739
874
8743
8745
8747
8748
8749
8754
8756
8760
8761
8766
8767
8773
8774
8776
87769
8777
8778
8780
8785
8787
8789
8790
8792
8793
8794
8795
8796
8797
8798
88
8801
8802
8803
8804
8805
8807
8808
8809
8811
8812
8814
8816
8817
8819
8821
8825
8826
8828
8829
8831
8832
8833
8835
8836
8842
8844
8846
8847
8848
885
8850
8853
8854
8856
8857
8858
8861
8864
8867
887
8870
8871
8872
8874
8875
8876
8878
8879
8880
8886
8887
889
8891
8892
8894
8895
8897
8898
8899
890
8900
8904
8905
8909
891
8910
8911
8916
892
8924
8925
8926
8927
8932
8935
8936
8939
894
8940
8942
8944
8945
896
8968
8969
8970
8974
8975
8976
89766
89777
89778
89781
89782
89790
89795
89796
89797
898
89822
89839
89846
89853
89857
89858
89866
89869
8987
89870
89872
89874
89876
8988
89882
89883
89884
89886
8989
89894
8991
89910
8992
89932
8994
89944
8995
8997
89970
89978
8999
9
90
900
9001
90011
90025
90050
90075
90102
90134
90139
90141
9015
90161
90187
9019
90199
902
9020
9023
90233
9025
9027
90273
90293
9031
90317
90321
9033
90333
90338
90353
90355
90362
9037
9038
9039
90390
904
90411
90417
90423
9043
9044
90441
9045
90459
9046
9048
90485
905
9050
9051
9052
90522
90523
90529
9053
9054
90550
90592
90594
9060
9061
90624
90627
9063
90632
90634
90649
90673
9068
9069
90693
90701
9071
9073
90736
9075
9076
9077
9079
90799
908
90806
90826
90827
90843
90865
90874
9095
9096
9097
9098
91
9100
9101
91010
91050
91057
9107
91074
9108
9111
91120
91133
91137
91147
91149
91156
9117
9118
91181
912
9120
9122
9126
91272
9128
91283
91298
9132
9133
9134
9135
91351
91355
91380
9139
914
91404
91408
9141
91445
9145
91452
91461
91464
9147
9150
9152
91522
91526
9154
91543
9156
91574
91582
91584
9159
91603
91607
91608
91612
91614
9162
91624
91646
91653
9166
91661
9167
9168
91687
91689
9169
91694
9172
9173
91746
9175
91750
91752
91768
9177
91775
91782
9180
91801
91807
9182
9183
91833
9184
9185
91862
91869
9187
91875
9188
91893
91894
919
91937
9194
91942
91947
91948
91949
9197
91975
92
9201
92017
9202
9204
9205
9208
92086
9209
92092
92104
92106
9211
92126
92129
9213
92140
9218
92181
92196
922
9220
9221
92211
9223
92235
92241
92255
92259
9227
92270
92283
92285
9229
92291
92292
92293
9231
9232
92342
92345
92346
9236
92369
92399
92400
9241
9242
92421
9245
9247
92482
9252
9255
92565
9258
92597
926
9261
92610
9262
9263
92667
9267
92675
92689
92691
9270
9271
92737
9274
92749
9275
9276
9278
92797
9282
9284
92856
9287
929
92906
92912
9293
92949
9295
92973
92979
92999
93
93034
93035
9306
9308
93081
93082
93099
9310
93109
9312
9313
93134
9314
9315
93164
93166
9317
9318
93183
93185
93190
9320
9321
93210
93233
9324
9326
93273
9328
9329
9330
9331
9332
9333
9334
93349
9337
9340
93474
9348
93487
93492
9350
93517
9352
9353
9355
93550
93556
9358
93587
93594
9360
93611
9362
93621
93622
93627
9364
93649
9365
93653
93654
93655
9366
93661
93663
93664
93668
9367
9369
9370
9372
9373
9375
9378
9379
9381
9382
9388
9391
9392
9394
9397
93973
93978
93979
93986
9399
940
9402
94026
94033
94059
9406
9407
94081
94086
94097
9410
94101
94104
9411
94120
94121
9413
94134
94137
9414
94150
94158
94160
9419
942
9420
9421
9422
94236
94239
94240
94241
9425
9429
9435
9439
944
9440
9442
9444
9445
9446
9447
9448
945
9450
9451
9455
9456
9457
9459
946
9462
9464
9465
9467
9468
947
9470
9472
9474
9475
9477
948
9480
9481
9482
9488
9493
9495
9497
9498
9499
950
9500
9508
9509
9510
9512
9515
9516
9519
952
9521
9522
9525
953
9530
9532
9534
9538
9541
9542
9547
955
9550
9552
9553
9554
9555
9557
956
9562
9567
9568
95681
9572
9573
9575
9576
9578
9581
9583
9585
9586
9588
9589
959
9590
9595
960
9603
9604
9607
961
9611
9612
9615
9617
9619
962
9620
9623
9626
9627
9628
9629
9630
9631
9635
9637
9638
9644
9645
96459
9646
9647
9648
9649
965
9650
9652
9653
9654
9655
9656
9657
9658
9659
966
9662
9663
9666
9667
9668
967
9670
9671
9674
9675
96764
9677
9678
9679
9683
9685
9686
9687
9688
9689
969
9690
9693
9695
9697
9698
9699
9700
9702
9705
9708
9712
9716
9719
9721
9722
9723
9724
9728
9729
9731
9732
9733
9734
9735
9736
9738
9743
9744
9745
9748
9749
9752
9753
9754
9758
9759
9760
9761
9767
9771
9774
9775
9778
9779
9781
9782
9783
9785
9786
9787
9788
9790
9791
9792
9794
9797
9798
98
9801
9802
9805
9807
9808
9810
9811
9817
9819
9821
9826
9827
9829
983
9830
9832
9837
9839
9840
9841
9842
9843
9844
9846
9847
9848
9849
9851
9854
9855
9856
9857
9861
9862
9863
9865
9866
9867
9869
987
9870
9871
9873
9874
9875
9877
9878
9879
988
9880
9881
9882
9885
9886
9891
9892
9895
9896
9898
9899
990
9900
9901
9902
9904
9908
9909
9910
9912
9913
9914
9915
9917
9921
9922
9923
9924
9925
9926
9928
9929
9931
9934
9935
9936
9937
9938
9940
9941
9943
9948
9949
9950
9951
9955
9956
9957
9958
996
9960
9962
9966
9967
9969
9971
9972
9975
9976
9978
998
9984
9985
9987
9988
9989
999
9990
9991
9994
