93166
112611
50512
116159
5327
57186
157506
5861
27165
5554
90355
28996
81609
23329
619279
6833
57062
26263
168374
4942
92196
401138
286451
3738
7029
254048
81704
905
22909
6910
79980
91607
152485
6450
91752
8676
375444
392392
85027
10551
4988
11098
25831
4153
51380
219681
4481
8910
79097
11240
64776
374378
6017
6662
7594
3112
5238
1203
84695
6533
5800
284716
6039
81562
9615
1678
64400
3593
57678
390037
403277
11081
22858
5530
55521
29895
154150
204
84100
9173
5216
286151
2218
54847
85319
1611
54879
23086
79956
22878
147923
153241
4763
129450
54465
55290
283
23051
9854
119682
91464
6925
91801
1476
116143
222553
23196
8527
154043
84224
55103
6049
91147
57534
8826
6776
1660
55665
92293
387695
868
9874
80303
7299
8821
64965
51654
10286
255488
119774
171392
9987
285513
9657
1653
1488
1690
339745
10370
56344
8497
100130967
28989
79634
31
79613
399947
54619
157378
219479
23774
23446
26504
3091
388569
7433
221322
143689
79573
101928601
23543
64772
2049
729799
8626
63971
200186
10904
622
51306
253714
8926
90161
255220
23210
5082
285154
5213
29842
10944
2110
389941
167681
25870
1663
220963
29766
80824
196472
26009
163255
54206
79901
83857
5707
710
80263
51205
11326
92737
341676
80325
5756
7337
3065
9456
79814
51284
100431172
221264
22938
134391
53335
28316
7525
1401
27164
2131
353355
8496
51569
140838
6429
2774
55863
50485
134265
9075
80274
10449
11313
23548
10368
26959
1503
7750
2995
11166
3708
5191
2669
3737
84991
54810
6595
10450
7266
6611
11260
9901
219409
339500
80310
4084
130367
170392
27330
9
9626
202018
337960
8343
9654
5274
2835
23189
54332
51196
340481
7050
10512
946
51237
6506
579
29922
284340
51075
55809
6623
51185
36
64131
84795
93611
386618
79695
9328
100526767
283461
283284
340895
408263
55504
347736
11070
2701
55432
54499
4065
64783
54873
2961
3777
64518
85004
8562
23304
64318
81894
167465
8559
80069
270
643155
386677
6672
53942
90050
56936
120776
4638
53944
26058
125919
6789
3786
154664
57157
117195
83540
284581
57205
23283
389610
441250
286046
25874
54477
120224
9567
134121
5775
81553
51008
8945
26018
80139
50939
8909
57823
29015
5898
10123
167359
8344
4986
4212
22927
339448
10970
80759
55901
4595
4905
55681
26052
1114
347735
10342
3487
166968
4494
2706
103910
9481
6370
84525
9499
10924
64412
79139
339977
340156
84668
3175
6096
4931
9771
374355
5583
26046
10827
2149
4147
83715
165829
3918
3938
10076
5810
144809
51204
64288
8291
83440
131450
252983
81788
27292
338
23566
93550
9699
342357
1040
64881
79608
9435
9073
26010
8672
79068
56986
80146
5205
51362
24
80111
81797
64240
10046
898
8363
4205
8835
166929
9276
3763
10927
157657
4700
85479
127253
1593
26054
5684
158219
11118
8028
4287
2252
55128
56929
389289
51082
167555
5892
152006
5894
58489
2911
4018
8545
4312
5203
9788
1417
22823
285386
54734
29127
23397
400500
11276
80206
29066
84101
93594
1803
83998
64080
57639
7743
324
50999
80790
22925
2892
8642
6557
401036
10491
115426
2137
9620
26330
57520
9183
145567
117532
63950
2244
81849
129831
23314
125336
51726
79986
1272
115362
4052
79673
25834
8710
56105
301
375337
55689
348327
6729
54893
473
10874
5784
389668
54928
2313
390598
22996
2520
23626
732
1657
10106
55349
352999
9166
257397
1781
83850
4620
267012
4602
2569
22914
91653
11235
285533
1500
3912
55203
8854
57369
23600
81929
5396
28970
4482
124976
10808
84064
344148
64434
8631
11340
55160
596
140766
51014
151790
84620
23285
10635
4033
9220
12
51427
7587
65059
220323
6760
51277
5290
57096
3822
54551
59339
4238
3742
54933
50852
1730
81168
57088
4124
9381
8828
84440
220158
140609
114769
7738
8301
55125
6229
91
54682
6610
121506
3459
647135
23101
5047
4501
10068
254225
25929
387758
2778
121457
4790
6523
23175
3046
154214
9908
100861412
283598
375567
1359
26232
8548
134430
6935
7223
83696
54852
6156
114791
2548
53919
567
273
153571
84541
128822
641649
55122
1016
135293
57713
133491
7681
2762
100381270
119694
1948
23637
84902
9512
93474
338809
65985
1998
7473
2849
55612
54677
5873
54959
441234
55299
284266
124454
284486
29800
8233
197259
728299
154197
57821
84698
51109
5106
51631
253260
387332
58505
6331
10349
57535
7267
64784
2791
60684
111
5806
147657
343472
254973
51594
5134
6733
26059
219402
133688
51157
390980
23767
27000
126231
5683
51361
56660
51074
5992
90459
8872
50508
129563
90441
54456
1839
229
80157
100287932
161003
80314
7046
10765
81796
117154
219770
81494
64374
57580
23544
5692
81839
55031
5709
1307
65008
196527
27177
283652
4552
256380
374618
3207
84233
23327
6095
5261
28514
284992
55282
79625
7270
3554
90693
10320
23423
54799
10472
1393
56911
4112
84340
225
146760
4337
133558
7596
56034
7091
8607
8648
1437
8404
317703
9378
6837
55156
4317
8502
356
404281
144577
3399
1183
60485
79838
81282
19
786
7082
53347
89853
60625
5407
810
2162
64121
5592
353174
8498
23358
9595
9252
4599
914
283310
138474
10495
3038
28983
30
84911
334
9732
3351
56311
11011
28973
22806
1745
132320
337968
2764
169693
7753
6514
27099
9909
118856
284312
4040
10606
445372
8320
23087
85444
5036
3190
55638
27190
57464
23760
22907
728410
84693
57419
11069
64062
50840
1997
9101
163071
7094
7809
1462
1285
53838
23411
4629
23479
1996
149998
6629
23270
51809
10229
2792
134288
64084
5021
60506
169522
3925
4144
10294
7162
221303
779
55070
8870
2959
114034
23190
89846
256979
54826
9913
57507
81488
23619
2787
3431
2850
114792
5352
130120
23062
6769
10803
90011
8487
55334
23242
10797
56259
1665
1796
117583
5817
54988
4133
196374
847
92345
2571
6781
3914
84332
158521
444
57616
2297
10894
6440
8905
54617
3809
2549
128387
23012
2625
400952
889
54986
5564
719
339965
80352
55326
23620
687
431704
4489
10987
26051
2702
6635
115416
55253
57150
6423
64850
4901
55032
116028
79191
1984
221191
9743
54901
1200
55301
56243
389073
84000
200523
80321
1910
1448
91869
4128
3108
100191040
219670
136288
219477
11046
89766
9402
91768
143282
55821
119710
10428
51143
431707
9001
23395
348995
11072
1434
135138
131076
403274
6484
117156
84085
9188
10443
29929
5270
56994
8969
64968
4534
79679
147798
4313
9232
154215
103
6344
2804
9530
80311
8932
8620
81793
84465
3295
4261
7913
7498
3797
54828
54469
3909
284217
55083
337969
7321
2530
6385
164
361
9227
9935
80124
50859
22915
64077
56937
57864
8294
5742
8756
10556
134285
55635
51696
54842
55170
5518
219981
57669
221262
3360
283455
65267
79685
660
58504
400508
55054
79885
5996
6772
54947
6493
25813
4008
55632
51059
93099
57149
4129
57679
160857
130399
7390
9320
284349
90649
7476
285220
27319
2547
8935
23271
93349
9118
150000
10979
56659
1021
57107
5925
55270
8440
1778
5723
389643
7980
5965
8481
2677
93663
284656
443
284827
116843
5673
255967
51561
219958
5028
114131
90827
9683
256691
85480
6814
150468
23310
26952
23504
10673
1230
6907
5329
7334
116511
6583
130589
79886
10333
7976
26499
56109
142679
1832
22897
3769
3759
54882
3306
26289
2805
5108
79295
54921
728591
9849
768211
200504
129521
51276
26281
86
4343
29999
8292
1769
100507421
10694
2512
5464
983
84747
26589
11045
2263
27086
8554
389090
23090
7511
10920
7520
26103
4363
137970
7145
56673
10969
100529261
3988
5298
130132
5265
152815
79959
4842
84461
26025
57115
8022
201232
6885
391
285381
201456
55891
5136
23331
5068
56110
8366
4499
79618
3371
114771
26092
10896
26061
33
401548
2515
132321
50489
5093
143384
900
157769
2737
25937
23092
7103
11342
3776
7020
6636
4815
6280
91942
27347
202333
2994
9938
348645
606
3586
286183
170850
137814
2570
11103
56134
9758
79892
118788
6185
90522
11051
56141
4232
65979
2013
120892
5885
50838
79639
63973
374900
7026
140545
6588
3157
2878
390152
57646
22876
79627
4490
643246
11094
1802
11005
84830
219484
81570
63895
257218
4520
51663
3068
757
26515
23493
404672
5648
255043
57188
5887
373
64376
122046
8879
64922
6880
65986
4319
8848
2195
83894
8467
283358
27445
389396
5139
25914
4338
11262
2582
339327
2030
162239
7141
283576
98
5092
1105
7071
339345
253959
153572
100505879
29761
23028
987
1739
8992
10454
9904
6894
29028
64849
4162
3176
259295
149111
201158
55798
80143
53354
7006
56172
84832
80067
94104
9892
117194
4088
80320
92140
9869
54433
10507
175
23418
54210
5457
3238
5244
6658
122664
5868
10351
50805
11332
55147
7472
26228
3204
113612
6869
9585
23421
7798
11315
222696
54549
10499
56163
57605
126375
728276
84071
10282
9522
5049
387338
5604
4493
167838
9167
23200
58484
8804
442191
83852
55212
51203
81285
1244
55653
6433
83666
5260
60686
80309
9988
57561
4857
6318
222663
9133
56833
4794
81831
9686
26090
26503
285313
126206
166793
285800
23054
728577
53938
3552
375743
5542
3398
23265
27148
56521
8738
10409
132660
54848
253769
10529
55810
1473
117247
143187
55107
28998
160
1647
8817
283651
57122
4888
3018
683
3773
4719
23554
11035
554226
197021
80184
8349
3587
121278
26115
340562
100534593
8886
9881
143471
904
729171
25940
29988
11196
90333
10279
163479
55201
219623
56103
340485
320
4826
23376
112885
6752
5738
196541
91272
9314
1472
28984
27154
57194
90806
27429
390058
7105
221150
56948
2734
54989
84667
100528016
341359
346689
8724
120066
23261
8564
55079
9760
389400
26872
114898
124872
57502
25816
57708
10412
5046
8622
645121
26000
5744
140578
221830
25936
9457
5440
23080
9414
83605
80704
337973
130
8001
84959
387638
6059
23244
51744
391189
4928
388561
6683
4213
4808
123811
51029
54984
3169
6144
9956
54437
57626
2321
5095
8644
53373
342926
65084
64921
57621
57466
388531
4967
27075
84186
29923
222171
84970
27306
134187
10794
160140
8357
22863
130502
9708
29941
389203
2941
152206
2739
23389
167227
5145
5550
2128
3695
2720
1486
9856
1672
63934
10253
1102
23066
83692
84449
57129
1491
9955
390916
1363
145389
91614
286144
79957
4117
26001
167691
80024
28966
6616
143684
1360
353376
6167
27342
54898
80317
9871
100526664
23194
593
3443
5988
58499
6315
90411
781
11279
286343
9468
796
138799
4969
5867
84804
6047
196394
10718
100131205
23764
65975
4140
8355
5955
3061
10330
6617
4327
2898
2712
54538
9837
8898
3977
79897
11080
80224
9792
6035
407975
22949
552
24145
2230
154754
84953
9572
85379
92129
1414
283106
6710
131
255324
148362
51112
29119
55520
9440
440560
29103
2861
5837
55755
163859
7401
64793
51351
125113
93035
6694
5069
84419
6402
8630
57863
79694
959
51422
1794
2342
9205
56171
429
64221
347168
28952
94241
6239
259240
23484
51122
10952
25896
5462
57169
9267
9455
170591
374868
57102
10826
79096
54363
115111
3035
3836
28990
3248
8490
57691
3014
84976
123
3479
1134
84897
54878
51256
10150
6431
253017
28992
440163
11130
79169
6513
10560
2908
11334
80174
8411
121665
373861
9229
2926
84790
5229
56915
55298
27159
402135
23107
5273
9731
6785
10107
793
84077
56155
54585
55353
84985
55776
5451
11023
29969
2327
100128327
159091
678
5412
221154
133584
4316
64900
2867
4121
85449
58538
83636
23468
157310
11075
26255
9068
27185
3842
285852
25928
51230
8521
22852
7549
4956
344167
84912
81615
25909
23580
26266
57795
55286
400793
4148
4060
80209
89978
23078
10083
8239
6651
58488
23035
120406
7174
130888
1615
30061
100132463
8732
7153
285755
128061
6051
5058
199221
818
100131390
80000
26057
157570
6526
732253
6887
4342
9843
414899
196528
9924
3823
317761
90321
79705
10390
145508
10806
89886
9668
4714
84872
1798
149233
3267
8609
131096
84659
387755
25880
256227
9719
10847
5991
832
26686
148206
8715
8065
114795
8615
653464
57379
7010
8778
4502
240
147339
1374
389549
80315
5147
55347
89970
55770
4246
1373
3766
54812
94059
219957
125228
11163
283982
8658
57692
54757
79913
5286
8832
29777
7113
220108
1446
4477
254950
114
23093
5281
80133
400058
27257
219858
6902
349152
221391
26147
1522
84539
4603
283092
64388
79794
10610
23228
22871
266722
8792
1723
10846
200958
51526
25902
79612
5584
1262
83661
84295
22854
100130958
7773
347051
322
114883
51105
147920
1066
8654
116461
55775
6875
3346
4137
121441
22921
657
4922
23344
56852
7097
283554
10015
7109
64395
353322
3090
57728
79290
11034
4705
115761
1879
1795
10487
283446
6129
79190
8352
122416
151278
57720
6427
9671
441161
79633
51098
373863
285195
168433
284293
129607
131368
254394
374462
51513
6659
27255
27324
23112
22999
152189
159090
84779
9516
27065
6286
6579
84870
65122
3064
79645
143662
387032
55760
390275
7203
83860
123036
8808
4217
245913
9038
10154
155465
51200
10006
1060
54941
3206
5862
203286
109731405
1501
57709
7584
160428
79890
10517
23351
7789
9333
57538
3735
6009
254428
100130934
85364
8803
79758
9410
3760
6582
57471
6490
27071
84437
1012
27303
83698
2993
84467
60509
6489
9617
404552
57684
3024
84128
118461
7504
7579
257144
1038
64689
4739
163351
100529215
100528032
55284
3843
4600
11249
7494
64108
55041
4087
60370
114987
25842
9749
4016
140458
117854
9949
153768
5764
25850
8464
705
55022
60468
11137
3703
5579
632
43847
6301
54954
51026
493753
9444
57047
26496
85406
23386
57494
4686
83650
8444
341799
345062
92342
81579
2956
3800
9245
3015
2104
164284
84709
23120
5160
390093
84570
55751
8500
64747
283755
673
390321
2181
51385
100526837
79834
340168
143872
22828
9937
11328
8036
64375
317662
83752
645682
255252
148345
5573
285550
286223
3096
283487
255926
288
9060
57818
5318
56647
9972
107
388701
80010
54576
83478
5984
56108
29080
6934
57565
55572
51151
8358
11057
25913
171023
1967
221438
51086
255738
83648
7572
7181
83884
5825
23142
546
79815
55294
116984
50640
6224
26152
3904
55628
6541
3359
375449
144448
160335
6259
143903
81602
56672
256309
388743
2635
474344
6498
66037
57718
9287
59351
40
84569
84172
3592
7414
8362
117178
9169
55245
1081
5924
10010
56898
10533
442454
401236
26494
79596
55605
2619
145773
80176
55328
54887
4704
10109
51371
64699
28234
91137
8773
221074
9330
29957
387129
80762
89872
80185
55374
5918
220213
55526
5276
9767
84869
54814
29945
23173
79929
196383
27250
221178
154661
9967
51234
3746
773
813
6430
79609
117177
283297
55753
694
56113
11144
353164
7571
2255
65080
387836
54888
940
25758
51411
6801
414194
7994
85569
6949
7410
388228
64777
114790
51060
333926
51754
84871
23229
114780
136306
2534
30834
84251
1749
6364
9482
84824
51545
5649
9752
54476
11021
22872
124491
387923
26737
27063
6359
55213
7767
145957
339829
10219
10087
8354
285521
9521
64005
9936
147945
490
8904
81611
26053
92285
115827
84272
79148
147949
6045
221061
9315
55589
2045
51606
84945
84617
55089
54811
22870
118611
56832
440193
22874
3382
81031
3060
653548
9372
57018
644943
282991
90736
54957
8336
200576
126
347442
54839
51030
116441
153657
969
55844
1215
55662
219438
127733
23414
80012
7265
341883
344018
84105
440434
647033
80709
100131814
7507
6599
341276
3679
8029
6444
10043
586
84333
79635
51222
5896
51735
347404
7443
50937
79858
10486
9612
159
64577
10231
317671
389208
9761
220134
84108
5788
79188
3787
2648
9662
54529
80006
9910
23236
56341
210
23328
7905
55082
27166
55287
79083
6323
10325
9957
23317
503834
8739
6375
695
6456
10413
349633
200172
5902
5910
3208
56142
23405
84612
7482
1019
162962
4601
115908
4867
57531
388714
11186
55110
5891
641339
9928
7837
2895
64839
722
390162
54809
23259
8999
170958
7803
3167
55699
8690
4345
10940
84283
80115
400410
23345
63877
10003
6737
5990
23307
649
343413
26986
307
127391
3081
146050
1826
245972
23431
10595
9690
6908
63926
64093
2977
3146
221806
54462
132864
25934
10492
152015
83658
134266
54532
219527
728780
8777
57158
158326
6609
6821
115361
2483
8030
8856
53829
91833
2027
493860
84109
5929
5890
57226
6775
89894
55705
118987
51241
56658
794
10804
339896
100652857
7298
138046
84162
7102
64581
64219
5016
84874
54522
401288
29980
442425
339324
54205
3203
11099
399823
166614
1282
55109
80853
7728
1297
266812
7529
3568
10138
166348
55084
10180
8031
5981
90075
390154
9781
6457
55825
4200
257019
151887
11200
7581
23077
9878
23439
11026
23085
80323
81577
8692
55296
51182
29097
375035
3612
128338
8975
474
57099
9450
65268
51175
26224
63982
219790
203074
200734
57570
55502
55602
5713
132112
53832
120237
922
5420
283514
51481
9629
441108
79896
23070
10786
8900
284415
10069
23191
4250
168451
152330
392138
11223
805
80173
79345
85019
27044
283463
57552
100533467
65065
7741
27012
158158
30010
3444
351
54808
2651
285671
690
60685
64135
100528030
59283
664709
9645
10418
2005
4651
10090
23002
92856
56900
116150
344787
10199
4715
5334
55346
9275
345557
92106
27032
9733
54823
1290
8370
80034
727896
146853
84190
80237
253559
4478
4712
84879
51104
6891
1009
58517
286097
652
10716
2923
1738
93621
58
202051
92
2559
100130733
340267
91522
23348
51390
92979
7164
6018
222698
81555
658
83593
7092
57697
2035
10283
3688
22844
2113
51752
117584
55907
83939
142685
51115
166655
221037
9095
493869
7373
4115
6857
5437
5172
57217
56246
1031
51552
94134
57224
10513
5527
3456
652991
6832
55222
121256
326343
54221
3034
55608
10040
55788
91582
7048
3702
55571
201799
150159
219437
10787
1638
94081
64863
6558
57337
27152
136332
8674
27180
27230
6916
29107
84062
147409
4014
388931
114882
147463
124989
23140
140738
54970
4617
5917
64066
56890
174
85455
10203
91603
81888
154810
22802
27300
10144
28511
55900
8774
57563
7827
163882
23179
23253
667
7025
92346
3987
83941
7296
11321
5019
55012
388759
6164
23041
57489
100533496
57481
10901
84752
148281
64328
4430
30011
3958
402117
390594
54439
55510
7702
24138
161357
1601
164153
140807
148581
3347
10736
204219
10926
144245
168002
23369
58528
597
55486
79788
6881
257
153642
3606
389170
102
60561
137695
5142
926
339766
100289678
9568
1534
30819
57523
3110
50515
4166
25802
1161
23450
55066
3572
55512
2658
8412
25821
91120
999
81566
51426
9147
122060
2009
56924
8887
2581
29087
59352
58527
5726
400818
6647
56164
63035
1308
54946
2246
6654
23213
5146
892
54511
7768
158586
84443
122665
51441
1004
57213
84689
5073
79725
3656
54765
476
1176
725
153339
22894
80063
130752
29081
2494
100131378
51266
80818
375287
84706
283189
11059
100507050
1447
5588
23243
151651
255520
200232
285704
5593
8842
440915
147694
10645
9646
284058
3231
10395
8895
10948
116255
58480
778
9255
643226
26137
4627
10350
7639
