647135
3554
26259
65985
253970
51056
123624
26047
5950
3161
729
440699
166929
197259
57531
2862
604
23122
345930
6975
283514
54875
10507
9271
3746
8339
154007
3084
133558
54453
246175
84643
51043
2250
22934
1655
10464
2557
51562
5229
23001
1993
163486
5241
66008
202018
54704
121601
644150
79145
163131
29126
10944
57687
91584
100287284
91464
2066
54843
2200
158158
7150
3742
1635
2820
4163
196294
10368
166378
654463
55117
9671
58494
144455
56171
25821
800
79853
2262
259230
158038
389668
8564
4048
255743
143
6557
152110
100532724
5709
11166
4126
2110
285704
9729
253827
57545
284293
51802
65982
170506
10125
79953
56891
79956
6695
50863
79718
683
7733
85443
57512
1123
221223
151112
9451
344022
9348
51571
26022
55862
25913
3845
56922
5016
2012
92126
55970
55644
8110
22853
2963
343505
54914
5999
27255
22902
5243
9779
3765
60487
128553
54901
84871
2104
11313
65059
7673
26999
27148
5055
8672
92259
23224
84466
26056
2649
27146
6629
80351
55691
5067
84193
643226
5334
120400
84541
23002
285195
2045
9886
4331
79875
8546
7486
57282
100463487
58504
8125
154661
56914
25816
2897
360203
9392
4745
3479
23335
55521
91947
115286
151258
1200
4291
359787
645104
2288
55359
10351
2342
343578
84514
2731
160335
55801
631
79054
51110
5168
221061
127602
50615
25780
338645
220992
112840
3183
337867
163782
8477
27241
64965
4753
55907
79783
342357
926
9679
390260
201456
6097
84437
8001
2035
6538
2993
6999
55064
79098
83893
6717
2334
55734
8760
5860
7597
6314
166968
341208
7855
79739
7976
10451
133396
200959
168448
23352
127795
340990
26058
57679
130535
136991
83853
3617
4129
10069
9232
81792
9107
57818
26053
84102
56114
7390
53942
2259
23515
57580
9722
57502
6262
145581
8727
11112
8350
11056
29951
55814
57600
5582
56254
4693
240
64759
11031
55578
152137
51663
388730
1915
25906
22989
341799
5178
23576
3448
5737
54878
401024
22999
25903
29118
138803
253559
5599
5208
606
6310
9019
2894
54927
4800
64092
56890
152100
199704
729993
64405
219527
64216
387700
25852
84935
27085
90826
23097
8738
56647
79084
5648
8540
5073
84458
9350
22906
132204
9719
80184
54997
23075
79683
375444
5028
27324
6860
118611
55799
386617
10242
2191
151651
79400
3756
4860
9586
145946
285668
23480
26610
10914
134265
81309
8417
11122
64097
5273
10556
2122
57705
54363
57556
57037
5744
7003
873
4617
6840
50650
2359
348654
4217
153918
2562
10894
1602
57626
5530
7035
28983
5569
6492
257068
7253
140862
29062
5122
4288
27131
9926
112744
165530
80034
22858
9630
9295
114788
57116
55711
80314
10758
2073
55614
4337
5987
50508
10472
3595
2195
114898
3184
7006
3716
283349
394
81031
92949
10526
10855
81573
6772
26973
50852
3157
23120
100526761
129446
5288
1525
253260
2890
5793
60685
8543
4121
4133
5929
9152
9015
338557
23114
63899
55167
286362
238
8932
861
3912
175
85460
11124
137902
51806
55183
9457
23609
79368
3768
6000
79133
283463
152579
10320
8615
64399
219464
83940
79109
58486
90459
254158
8451
79078
1479
8728
51696
10371
1368
4208
202559
3953
6944
6728
7348
80308
374900
387707
10276
7402
83732
221833
91752
29956
120114
54834
89858
387755
9882
441631
1908
64135
84320
196740
9881
5906
57460
57688
254428
57628
5203
51014
6595
9841
221443
387103
9645
7292
100526664
28232
10299
7155
201725
144100
130120
339896
6596
2487
4978
22920
1620
51397
414328
79730
90390
57492
23554
51135
149998
1456
5607
79971
11030
3720
7325
10953
267012
5695
1164
25904
3283
79632
115677
956
4660
148811
79848
10483
79673
8975
84181
57565
283106
5459
7222
118856
84868
83468
84735
130399
162282
257218
23012
259232
5558
51015
2823
1638
22873
8739
22926
55973
23281
147381
55140
51133
4643
81537
5892
285636
8671
115209
79625
658
5076
138804
2932
80762
57016
57186
9659
5774
55227
374899
131375
7321
59067
154214
219484
2100
6239
401138
116285
145567
79925
114786
84858
401548
153643
84553
285362
6936
221981
10385
23011
114
2561
169026
7296
25929
6887
55149
9607
286365
7762
81847
9698
7757
9407
669
9247
22871
143458
5189
10941
136332
282966
83446
9910
56911
5335
4216
134147
9847
651
151613
440097
57047
2549
170959
9712
10885
22948
1429
346007
55109
7112
328
9037
10690
56999
55188
2290
55872
3192
134829
63926
4140
131177
55016
53354
57205
54536
4644
51232
84515
1601
130074
56884
4649
4173
55531
9397
27436
1663
26013
84273
64983
306
4685
1780
387129
400696
25898
125113
51691
4921
128025
1006
4128
79072
7051
23418
5332
6092
1182
4916
1374
84162
23530
23635
3747
26033
92675
79132
80219
9141
9111
54665
222545
285605
55617
81327
9180
6616
8366
5268
51066
261734
3908
284348
159
160728
549
55110
1750
27250
54828
55335
136259
51194
54520
26040
4036
9984
55054
4338
55023
130507
126820
3556
378925
4233
90627
25909
2741
56947
200162
196441
25775
167555
83989
5540
50485
83661
2861
59284
11006
118813
2313
26960
89778
1183
2108
2975
84898
169693
51319
7704
63973
51780
58477
64343
256536
51389
64848
29119
2877
57094
2059
253714
4124
7342
257144
83478
54558
55084
6857
411
79623
344658
23247
54841
165215
9472
23389
284695
8707
22941
91461
83857
51126
10042
9262
83852
148641
6928
5087
55225
23007
100750247
9695
8224
4321
27063
27133
221303
79740
8935
6533
3899
9315
83894
6263
6617
64432
3786
121952
356
53353
10590
285513
140767
23358
55669
10563
100526767
57724
50939
8871
285343
22824
10124
9728
2551
2043
222642
284486
57829
118663
10924
100188893
2895
26469
285525
690
54674
9076
3987
64764
219417
79135
171019
147323
51231
7373
219578
79712
140856
254042
8555
2321
23732
92285
57559
55732
28977
23161
25927
3990
24138
201266
84302
10551
5535
55230
129831
353164
10561
10912
285175
119467
83956
55299
388743
55729
80070
23351
6579
414301
7225
22807
5870
91687
1804
6336
23057
83594
7224
57623
1956
100130958
1982
885
3267
6605
284349
1769
79982
51778
401027
4430
256297
3346
2113
59269
11055
6505
23322
10388
744
8416
2619
10345
4929
92737
154141
200523
84775
3075
10915
7273
26031
1806
116449
55122
165055
5789
64924
55432
115265
9628
26272
27086
161003
4336
26257
7272
83447
348645
253430
607
171425
145508
10666
83860
117194
114827
1000
9863
23471
121256
11163
63979
54209
2201
9611
9177
137835
4052
1010
57451
79048
5144
1740
9590
23171
55323
23543
64850
5444
57148
441376
11171
55159
283197
23359
285203
254956
128153
9948
10692
83690
23185
9801
221154
130576
4976
150159
55283
10827
115294
1286
399947
10920
29114
10418
158358
7771
5212
57484
93663
10283
9840
586
79722
80071
5799
4286
53335
283927
1633
504189
79577
120534
80343
23639
56255
10659
57528
29765
340895
23286
2138
6453
176
64577
9126
4522
642987
7476
121260
154215
4654
81704
51361
137970
84128
6873
2961
9951
56935
339448
93166
4544
55083
653145
27010
245973
9958
90523
168433
219402
8829
204474
147409
5521
27152
124359
84159
64478
3467
5108
23047
25978
344892
85477
1345
3763
84332
26747
8573
55760
160
8942
334
5156
79075
160897
10335
4609
4045
7518
57511
9938
283450
4602
9699
3895
8491
130
4300
10090
159963
80209
253582
26050
1262
256148
8527
81563
1024
79611
6197
342035
5921
167838
441108
84251
2904
54898
862
23705
9635
168975
7982
3605
2004
23347
5618
55635
10626
2743
157680
388695
3167
22865
55768
6549
7534
10282
254394
339524
51108
9369
287
868
55320
317705
143884
57172
9039
4907
56902
51643
79781
9923
23446
56261
5324
25924
143501
6328
490
9821
7371
93035
11120
143684
221895
342125
22881
8936
5968
100129583
2834
646486
23484
3776
56957
57504
6096
221035
84060
135112
2131
27094
5140
84899
50808
100169890
51808
84623
1122
1630
56852
140890
84280
9658
55795
10427
5875
79692
221710
1493
10040
8549
56829
6101
143241
55714
284252
64393
127255
10531
56259
56341
8148
6390
23077
51105
57552
284307
387638
7915
23086
7433
6295
9829
5132
100191040
64283
220972
100129669
84900
196472
229
83856
7078
57157
83943
133015
51100
3606
132671
166863
342618
10846
116159
2271
2766
5494
9373
2703
1297
7511
54438
2172
10681
8496
282996
5682
57489
51430
9856
5562
3575
10225
5239
3007
389763
51560
22803
23380
5128
340481
114793
57185
3791
171546
158471
1036
23592
6641
51705
84107
5577
10672
9652
23158
783
26046
5874
4842
2257
57706
182
26052
9734
23220
6745
5341
80317
1105
84196
64215
23408
11213
9054
4306
51071
10085
203859
9364
5634
9771
152815
3434
4311
55816
400818
10930
54212
3914
26011
100131378
5733
7068
285220
284110
10130
285335
3800
8693
5583
338
11311
6885
6332
9745
137868
121551
4829
55339
55628
131450
1825
23345
127253
81550
340156
51582
23415
51703
27034
10611
57824
401036
497189
29953
4015
284370
9236
431704
5295
10717
153396
26511
57128
84071
8715
4258
116135
7143
120935
5579
6777
8804
8633
1814
92667
8439
93556
7360
55144
221400
55659
2534
1634
219493
51175
7204
84765
4703
23500
169200
84100
283982
9716
8365
3146
84498
57007
2702
89894
133923
285877
441061
100528021
3773
57150
60385
81849
402117
200132
256691
26010
57453
4760
10286
144360
63027
147
23619
7295
390037
100534012
25998
5449
137886
307
5101
960
22897
1588
54882
64780
116987
9488
501
112616
2149
10203
51390
9786
28966
3739
79616
79992
169166
57570
91298
1749
85865
56987
64288
64111
64895
7164
23081
222008
56978
285600
8553
117531
100528030
100287932
983
375337
10716
1794
56034
7334
345651
25769
5097
51573
3855
129684
118987
8092
6910
140733
26137
84190
5596
7088
571
80760
128822
27347
2918
116519
27185
28951
55770
221806
79598
341883
22982
9446
23426
9330
140578
29090
22995
64747
114088
6546
219681
900
80745
100533467
5611
7638
219771
1591
125488
23462
405754
9869
64799
51735
79752
79633
285313
91543
133690
55074
54848
157376
10973
128710
3034
163259
26266
5126
8170
54566
2241
10243
9184
387357
2867
11223
23175
11096
146177
123169
9674
3834
27101
23566
2560
9861
444
7596
147991
6317
134266
7227
130132
23256
154664
91133
10261
153769
157753
116443
11057
11201
493860
29102
90634
5142
108
50807
286183
57515
56898
144193
55211
8701
79794
1363
3444
5684
9901
3930
344905
9324
51760
1315
27430
6785
23329
25791
63895
7444
79068
100288687
1581
2585
6456
84912
121278
84236
11072
90701
8710
3359
351
892
79898
55437
64853
1062
283455
10143
55755
3667
6121
93587
2648
120775
23022
1070
2915
83480
60506
4986
51166
10129
11075
10170
256380
51208
54888
131544
10817
1284
91351
3155
10667
1803
219432
10600
27123
5567
9914
5271
1768
84239
10274
4780
54813
5019
2074
57381
617
55157
153020
54093
23200
150084
8036
353376
4139
1767
4285
5915
374378
8335
93185
2803
1161
6879
56172
92856
3003
10370
81035
326625
54937
65217
9495
729515
93081
9723
23105
579
3480
667
728841
83872
147183
5991
1131
57678
9573
27445
9117
4481
7274
50484
7201
80345
59350
153364
403339
85413
79413
87769
121457
23142
4715
403257
6713
427
151742
5151
10314
10940
153768
153443
6636
7701
8492
7182
5095
9743
57573
23461
10252
1854
6715
55802
4255
5069
55082
7323
55207
653464
5506
339479
22856
255403
56895
9774
84154
5407
9732
10160
200150
89910
4067
83657
222223
341640
9162
23092
203238
387890
166336
1002
29970
9194
9678
57619
6326
10580
50507
80173
138802
55120
8139
222236
3417
23177
56979
5651
93649
27068
317
51666
8359
25820
122876
140462
390142
2775
26003
80036
3024
53919
100131902
2651
56886
26098
7436
8364
57520
1310
1807
221241
55592
219844
23671
339318
29063
54454
627
8725
51575
4925
120103
50834
51375
3060
341880
23254
10003
767
344018
220134
23637
55647
131096
728215
347731
132
2893
23504
11281
11137
8626
23028
9666
80309
54806
26057
388523
29964
153241
408263
286053
143502
80816
114569
8812
642968
27190
26191
987
54439
56113
11259
338596
391189
51633
163255
219477
11148
3688
118427
55972
11160
221711
3475
26054
2554
6249
144321
84698
10529
651746
200576
55631
83988
6252
221322
9358
254827
134526
2047
5139
91137
124274
7174
9027
84525
115827
22894
56288
54986
3673
4008
51429
55504
22862
4982
55132
55742
27327
2263
119678
55825
4477
93190
3446
56479
442213
4739
143162
7265
5321
83604
122046
64919
58528
112937
54935
25940
4853
100287226
84886
117178
400823
22801
1573
3347
79005
23531
9229
7424
8309
100506049
1496
348327
4653
126204
5791
133482
84826
9758
10873
5570
26035
11232
166379
10818
2555
4547
641384
4223
23548
3240
9892
161436
2971
23036
168090
79817
3709
375056
55821
118461
26018
4593
5903
440311
338821
83849
3678
5468
54726
161742
64518
55757
6934
399697
10082
133308
81615
4033
3158
58538
2891
1826
147923
27252
51020
257019
116511
8343
9069
9167
2315
2977
5608
2042
1301
966
114781
9790
83539
3910
51106
64168
112495
81328
729025
151963
143570
7941
10175
29967
100302736
100505385
84125
4790
126231
23382
574537
83850
54796
55030
114815
185
2243
79870
151126
10622
169792
5077
100631383
92293
7881
3766
375612
7091
80323
1879
100526835
83998
10987
116228
5756
63971
55066
204801
7447
57554
8836
64332
6900
3298
5218
57105
2581
57181
83551
735
4155
114876
7046
2856
1909
201501
2995
376267
79882
23626
55843
55967
5325
25834
54551
6091
64858
56934
4018
22798
8411
4646
590
5746
5290
5593
23094
30010
387712
998
91653
29083
9510
23414
358
26468
57713
7533
9242
8872
5462
2665
10656
202309
2913
219972
799
5592
94033
392376
55751
9448
267004
49861
3077
1662
26998
728276
116039
397
114803
1103
51141
23439
100130742
129607
79819
730
343
219431
4254
51809
523
3091
85021
54510
152687
9839
116328
6638
100506658
114792
51205
57561
389762
147945
55466
55342
3702
6677
7042
344148
79071
64579
55068
2492
84327
94086
3363
266722
9554
1946
4149
150684
221078
23338
4543
84976
352999
3707
219938
5214
30061
116154
1793
127579
9515
8322
100533111
11227
4915
151987
389207
23683
3015
55347
56940
84319
259240
79866
3760
81831
27031
10260
54984
22828
8038
5021
6779
1008
9308
9444
256435
79974
85439
4482
8499
129401
5996
55205
151195
221079
4314
644524
93183
4085
9736
283598
25897
23041
56938
831
10001
284323
123606
64388
222643
3250
11278
90025
9721
401145
10927
23424
3329
79596
84725
8031
200845
51302
196527
51716
221656
400793
5797
51752
5137
6098
346562
2898
84811
100463289
50514
81610
57482
64131
6788
81553
84216
26227
340784
116931
79802
221037
26122
60412
55314
142679
25862
23274
81533
83999
57624
2098
55619
2713
23143
4680
728577
83884
25782
23070
7776
1021
143872
10200
137209
1745
623
10644
144448
6358
83698
5898
90317
23072
127833
26059
90827
8924
10699
57096
132203
51094
5926
23026
55156
64078
58493
27253
26503
26256
84067
54502
84064
79097
10137
26589
130367
117583
89797
83741
10289
285755
121227
116984
344901
114880
64854
7363
65251
55612
57088
347051
3360
51473
4651
338323
22795
570
5099
11231
80144
168374
56948
51706
153770
64429
22854
5352
361
338675
64921
255631
10886
151278
5275
56776
147166
55568
10592
84640
2218
2582
9785
147949
6403
152098
84103
80243
5305
80110
23327
2813
80224
283742
152330
346673
55733
283652
153339
2160
93492
59340
23768
55304
55763
29945
85019
9508
387694
9108
90102
57101
3758
11085
9931
10718
10110
136288
283446
400120
8618
84109
119772
8803
92017
401665
259282
4897
79747
1677
431707
728464
84570
3977
157807
256130
4773
56952
57542
55500
23160
200558
89869
8452
134860
285555
440145
79839
2132
92270
8208
6386
9320
389558
7038
7369
1009
340205
3012
134218
78991
948
4026
1910
154043
79772
81318
22903
148
643677
342908
55777
57689
8821
93664
55509
222546
64093
3284
347736
128866
389643
79674
140469
112487
7798
151050
4172
6331
55589
5734
257313
145942
392636
5578
6446
79861
1486
57476
4322
25934
6674
11170
160419
10694
133584
119391
7472
4214
1462
6189
85397
6775
100129792
161357
1272
114131
133619
6480
55187
1033
23236
80059
148418
7766
2162
154075
814
9462
375567
90624
3033
1318
7465
8538
53833
25893
221074
170690
85301
115207
9646
339500
202020
169044
122830
54534
119587
6662
168667
50940
216
214
3752
10539
80831
50804
204851
5356
3295
375287
55259
5136
27069
200844
140801
952
25788
2567
256144
134492
94240
25850
8490
83473
390999
138805
7905
65121
51534
1393
2632
55832
55664
6751
10769
127731
27071
201595
6527
2863
9760
221002
196541
161291
50862
375298
25888
9353
11214
55790
81578
5828
902
9738
4289
92597
11275
4249
7753
91942
4065
5878
1647
10576
55784
4948
26750
9209
132789
6304
150297
9079
3708
387104
1646
339965
26289
92092
5836
157567
2247
55041
64431
171024
5894
340441
81617
1948
283777
285671
10569
1379
1611
8745
55607
84617
122042
23305
5784
339977
1303
57084
55137
51050
5654
114818
51059
163223
8828
114800
57091
654
255967
5930
95681
1404
80731
643866
399979
83861
79807
55102
100134444
1373
57523
55247
8987
5340
65997
345193
27303
145389
3558
23216
29974
143879
5046
940
471
9653
7443
92
10752
5169
19
4292
51606
83449
10150
389206
7562
79865
728643
6610
728597
160777
26230
23194
9844
63934
2892
23596
374462
64963
163882
1501
92255
7745
5729
152404
54918
6167
3918
388
23213
55328
9956
5984
81501
57575
8904
2740
11162
60528
54545
119749
64320
5683
10499
9871
91775
51193
55686
51559
8842
10216
51179
117584
343450
399694
10964
55852
4552
3176
8367
57419
221692
29766
8647
166752
54514
60682
59348
56950
10056
401265
91526
8853
5542
79659
158326
4802
64067
6251
84750
100529261
83699
9783
1015
55061
65981
114825
2992
4920
79993
2272
8674
401474
5289
8900
3672
7681
11249
347168
284
91612
8353
22986
135152
152518
1004
78989
79750
3382
6419
51083
8440
2244
80007
222255
10048
9071
1871
4009
3696
55636
51351
54839
7080
64844
56853
3449
440081
51276
2739
4437
60625
54877
441282
10265
389208
29087
79809
60558
343930
94097
23242
1386
10098
64839
54995
3148
80218
151790
3751
79689
389766
2196
60592
57639
81300
10739
10384
8642
1290
90199
60496
7913
22936
29966
4645
79658
6769
57147
84804
55004
8358
83851
5359
6014
7743
6093
64946
51360
22891
5507
4774
387597
10584
7110
11157
5523
92482
846
2799
6503
53918
100861412
10165
257194
220164
8030
89795
135114
8395
93594
51594
776
80336
138046
2744
200734
83540
5741
946
1350
11118
55885
374864
9312
988
6555
387715
55297
197
51520
11240
961
9781
10446
7761
22808
4212
2888
51218
80310
1894
5406
10443
157855
404734
131368
84317
54840
1005
80311
145264
114795
23051
375449
1607
4618
28513
231
80333
134121
63982
8780
115111
23556
84062
81624
55634
9705
11276
51741
5861
219428
817
100505879
80349
93986
403253
29104
6360
