55607
140432
124925
27098
6745
26152
653140
643641
10447
84515
134285
22794
51542
6846
260436
11149
55156
4837
2072
5095
55790
128674
58480
3822
4990
79782
162394
6344
4293
57481
153328
2917
114034
8361
388228
100529261
120400
92399
53832
83650
81550
92949
6542
54443
6754
10426
5624
80319
131544
7750
2491
320
57830
705
11218
164
8292
140836
10991
1114
100526837
8048
64089
220965
166752
81488
54946
2878
2743
64754
56673
26005
401036
63933
80224
8939
283455
4343
3084
79897
10855
280664
9778
341880
51397
2849
3916
1301
260425
64393
4316
53637
11064
7399
56829
55010
23064
91752
22999
22882
27327
23498
200523
65997
309
3766
58527
845
64799
9649
122742
143458
9731
91582
81573
54927
9568
26056
64746
4670
114803
8861
2074
164395
81793
648791
343505
2202
127003
7009
581
4129
27309
23376
124152
127002
221294
56935
286827
9583
152330
5738
2195
160777
347744
57466
404281
84932
25988
81626
9962
51526
22865
6936
731220
55239
56952
10906
121549
130888
8792
9719
51654
9924
8748
6427
116443
9521
5671
79570
283450
51497
140465
219844
401665
169693
84062
8701
84749
10950
2153
60561
22914
5265
112936
152206
121457
50624
8303
2548
5033
135293
84706
2561
150962
54914
56606
137835
80336
8969
6925
3170
23078
3909
7130
85406
222546
5454
22927
23287
221656
256764
9595
23576
64783
8667
6801
23019
337974
64098
64577
81572
11052
116842
29070
79659
8453
201725
10531
1063
140609
147645
7363
2977
50840
23317
54941
54149
401027
117581
9722
63939
375
969
10170
65975
23232
1326
54887
6840
51642
219938
170691
3788
6567
92565
8916
390
441250
6161
57679
8671
4238
87178
28966
9388
51317
4920
4311
159195
2100
7112
91298
10847
81551
397
219477
8898
24145
126668
127495
83737
54989
22925
114882
5193
23369
2355
59345
114805
10563
23090
94086
26212
115286
26297
26476
245927
51109
4682
347051
1798
3347
112479
80099
51696
374354
10758
4818
84077
4601
7730
3642
57369
341350
65982
55504
93
6712
55795
9771
51596
57605
5184
118429
259217
8760
8019
284217
57643
120892
340120
6175
9477
2830
6775
64147
54677
961
57687
84298
5584
131076
92106
148203
552891
343
11019
114784
344022
245928
54832
23261
81704
171019
9061
55291
152185
140462
3964
128488
51281
56948
100533467
56994
2567
286495
134265
4087
3236
356
93035
378925
119682
130576
2027
27069
2108
9557
9023
204962
256536
6294
4086
25909
6119
546
84987
6793
9578
51266
8091
7082
57348
341359
2867
3703
9275
9847
257160
283358
118611
2791
56244
8867
5768
55297
128637
80145
100526694
2986
7769
3945
623
8520
5617
203100
78990
12
948
375449
257313
5139
92610
337960
79827
51444
390883
51284
222537
55751
8831
143689
3359
5593
80209
347736
163786
132321
3899
60592
219438
9465
60686
8731
55270
55131
57728
2018
2920
84233
5378
221078
10577
400058
51167
6484
5587
100132463
26103
128338
3371
2241
23500
79717
5962
26022
55703
4297
151871
114815
387712
155465
259296
147685
56479
64802
4232
5269
80019
10752
2016
10157
51088
10146
64135
6430
345778
50484
2770
7345
285852
51631
80011
10725
7562
10797
723790
5564
2012
4729
5926
2835
6009
225
3786
7711
4638
10526
23514
64388
80317
121340
114907
122773
170692
9183
80343
403277
1833
414149
6751
79987
57551
54579
91975
150159
93550
84959
959
57674
79097
92283
221061
152485
3720
85364
4897
55062
1996
55677
55209
3600
204474
3833
56108
11260
81792
2135
146050
2677
256148
10322
7903
57282
11160
146223
6328
84879
6572
1297
400508
337966
23411
114905
10242
4356
11057
5588
27152
6894
54583
1806
285527
7153
4848
9414
221443
23057
241
125
114790
128360
388558
5599
1608
904
283629
57151
9956
9063
120103
11069
340069
643414
114836
27039
8732
8575
23026
6653
942
10087
55055
54901
503834
10600
2719
90317
79745
160857
55107
163071
150274
154215
132660
10948
91050
147798
983
388394
443
261734
987
25886
220134
49855
692094
27242
150572
389400
256130
56984
6709
89872
441151
349667
158219
79666
23508
1476
23312
238
55005
6302
84060
9352
64582
7932
23316
151531
23438
56918
219431
4216
84135
84503
51808
441459
10253
65008
23443
10817
7507
163255
84955
9337
283659
53904
1534
93349
84542
8970
4772
10940
10954
164312
256714
6578
389207
127253
163782
154075
163
57057
2245
64083
5582
26249
56943
51533
54522
10529
353116
10472
84437
4693
196294
11164
11141
121441
9079
221262
10125
6526
1122
2296
55282
10153
10384
22872
8379
126017
2831
346689
11228
132160
388946
5292
91807
23439
219539
121227
65108
55466
4921
130507
81697
147495
10143
84299
7155
169714
163115
284076
54556
22869
22808
23096
138255
116179
23225
11011
9043
116986
26338
3449
153770
9001
100130958
9880
7874
6832
80010
51306
55633
57795
83658
7365
1087
51520
84671
6164
84692
2674
399979
57623
6617
57532
441282
2317
144453
9419
55300
26289
64866
23635
221981
8988
10427
5783
23660
140459
100652857
28958
55756
4802
84000
54822
643314
10057
3237
57453
6880
4800
83539
120224
22884
26240
390980
57624
286187
4776
23281
340252
100128327
2956
130752
84614
129852
151613
8886
6563
3487
3936
84301
80853
79986
58484
824
22993
4609
79890
119774
9573
652
4121
118987
645682
9753
1755
574028
130940
115827
8445
145567
23527
6210
429
3904
23299
100534593
26052
23620
55777
1050
27145
10056
58504
84924
10390
1750
4154
65251
147670
23150
196
11101
9745
344838
283420
51057
8148
7011
729171
390152
6885
57408
8573
9758
9046
4773
284611
120935
11231
9194
51802
414301
91608
337967
353376
124739
337876
22847
84665
80204
11166
133686
10130
8450
3895
345895
11010
4045
54749
79098
23034
8459
84679
220992
10960
4524
6364
2259
245973
23405
1237
119692
9735
389136
10745
7639
5283
6869
7066
346517
3446
728643
84698
117196
3482
56521
2806
341799
54206
8295
204
83660
3695
100302652
55127
2774
285386
6902
8089
120526
115908
6546
8224
2315
1982
64327
7805
5459
1284
116931
120114
354
153364
339416
252983
6555
399949
10537
376267
58499
339967
219437
3150
10486
1457
285362
340206
4919
100528032
219790
10930
3018
9188
83853
26525
8690
55084
5987
84281
728118
51196
3148
100526794
128822
54436
23158
79590
5341
55556
7638
23515
9875
7046
493860
112399
7189
222894
54433
1109
7045
440163
51058
149708
89822
613212
348327
3834
5163
5305
219409
3705
8725
29909
9656
219333
85365
119772
414194
1955
1431
56979
29099
166379
5992
55791
4620
4292
84570
9675
112487
56143
9628
390999
79989
127018
7187
6039
285203
10450
100534612
139067
115111
2632
6943
64849
26750
64506
58476
57663
2042
6037
143098
51166
125962
8692
56920
651746
54847
80264
50507
157724
55800
2587
80306
7498
51594
84945
860
79628
4741
51592
220213
10928
5532
90411
144321
8829
79711
5150
3283
10943
252839
256309
3516
119385
1770
55863
55254
57826
121601
11056
390168
8936
7111
56147
6370
1761
57492
439996
65083
5261
130502
6382
26354
6570
642968
158046
11080
11051
122786
55827
10038
28981
23235
79913
400506
137814
83591
57669
54879
5796
117248
91624
51601
54834
55811
64940
3664
3921
126767
285367
3190
54554
7813
387718
79892
55664
389396
388714
3758
712
3205
2243
200162
338323
57149
596
837
5557
84678
407975
55602
55212
6638
286749
84809
112840
729
317649
83446
56950
114800
22949
6051
221264
2702
55717
56660
3146
25893
220296
9098
54212
55164
54764
9442
2591
54482
5828
26258
253832
64284
160
28960
8403
286451
27163
8087
22934
7508
1601
159
54790
9748
8451
2934
256227
123970
79725
83884
11112
81610
7767
3273
116987
55283
8431
713
5250
328
390916
85316
80335
8894
8600
79712
4794
4756
1956
54534
27164
279
1733
5058
25973
84868
26262
56922
10466
494115
136332
2897
8406
7597
201299
10886
125228
8846
148003
57619
55003
118738
389558
8416
84962
85015
91543
5733
4152
23001
5273
8514
122011
150681
57709
7038
388931
6531
60676
9904
124872
134147
148198
117145
861
3632
65124
54954
27148
2203
64794
23171
440097
51555
7143
284348
79977
29083
89796
7053
22900
7035
26509
55781
29958
4986
51364
90634
346157
5176
342933
1600
27072
1106
2009
9699
653
10987
8427
2919
57561
57402
66037
29940
9871
6729
9724
29970
29903
4289
100169851
1419
201266
389432
442319
3679
121391
285753
64641
80012
55661
794
55245
90843
8228
5551
169044
29966
2188
5995
5457
26040
1133
7782
64078
23451
51673
117157
6251
6591
57531
57181
144568
690
55103
19
5099
2272
3980
22941
55612
53829
9516
22844
5162
84107
25966
55735
80212
29887
55227
2201
7104
59336
9245
23365
3351
4117
51179
1305
55287
23552
7775
54504
85439
302
5984
4234
120586
3381
344018
79800
9353
3578
10910
55061
80184
79165
10164
285848
7809
55486
131368
55124
339896
25921
5591
399697
10413
8545
9236
221937
6728
158399
266727
8649
51280
55208
10558
604
57658
57628
55888
1829
80227
2551
57688
3183
117246
203328
2697
80820
57337
222255
84790
338809
195828
27032
2890
11172
124997
85460
54363
339488
4926
197021
8816
7566
92104
26255
7401
1308
84675
221150
1768
355
7166
6868
5554
81035
57158
3675
10982
387849
11094
196528
84666
2534
5288
56888
26115
56107
8738
26986
167555
83939
152015
140838
23531
8527
84892
9204
83696
3795
504191
683
8620
57047
4085
23177
51018
386618
94241
374
8801
23741
7078
138805
388799
6387
440689
27012
55775
3485
10342
83732
79828
54766
80110
3812
202559
9282
3818
3815
124540
23234
153396
221711
23259
374928
23732
3352
1618
152098
84952
283431
84240
5903
5066
253558
9926
140890
23244
8458
51552
7416
11163
9509
64067
4081
54346
11189
63976
56649
6836
5431
54546
261729
11339
5636
2004
51582
9227
7025
3716
2899
64400
5166
22936
54549
10330
646817
374977
6372
415117
5717
440738
10439
10069
150297
123041
152065
148345
51256
54800
56344
79741
171425
11315
7110
170958
23070
6867
344148
729475
54861
90874
1007
26610
8773
57505
93622
26234
81327
4137
317703
81839
11281
8170
27125
118788
55669
374286
8289
3604
84259
2078
2974
10179
5611
80024
10881
83849
64131
55323
5311
171024
63905
735
9862
8821
389158
219623
2066
114799
8360
6884
10981
5527
3467
55273
91746
93082
51135
4482
25938
55841
64965
115416
2001
259283
10949
132864
9749
643226
79805
7378
114792
55605
466
55714
6999
7410
4481
115350
23052
8291
7203
114131
9519
9169
64859
81847
6038
3760
5555
341392
148423
54839
55585
57117
153129
58985
167359
51534
9525
55608
284486
29104
132001
10076
4012
5347
83893
79669
51562
4217
154661
10514
23210
80014
144360
55024
79640
56139
50808
84547
5737
2036
94097
1203
148534
5968
26577
6124
117854
80311
114991
23348
4430
8745
63934
9252
8325
201140
54602
283
79698
56311
6403
4935
196441
3601
7068
83657
90423
57575
10249
1644
79744
25976
56923
54458
374864
10335
58528
80975
8370
51473
3575
29980
2109
1002
143684
150082
6900
5291
6764
27197
135935
55872
6730
727936
3778
9154
374462
10385
652991
284274
100131390
337880
79886
10461
4719
344901
51554
127833
25821
79887
4801
3767
56852
219285
164284
147166
11240
6129
727
84100
1616
9678
3140
1290
91875
7337
151056
776
345643
10276
10152
7579
57095
390275
125963
51320
1832
221178
389643
440695
9499
124274
2244
777
10277
113675
2020
8344
389941
151636
120066
54499
55813
8522
6690
57798
650
197259
29964
2799
6599
89790
64215
129642
26266
5168
4677
57610
57209
3110
3010
5925
64108
55805
8353
8544
23519
5999
253738
3930
6905
1999
25816
4171
151888
10223
51754
83666
6307
6508
373861
54521
23201
160418
6821
1678
79953
1946
8362
388743
402117
5663
58478
167691
284340
84530
79139
4255
344387
7762
50943
8724
3156
6694
5289
8027
2739
157855
51351
7276
1848
26146
84872
714
29883
340351
57509
4298
5954
7980
55432
5458
583
9856
145748
7050
1787
84071
9348
112752
7705
79149
137902
54947
100188893
10208
84172
285782
140767
892
64689
79587
254427
10238
1965
85315
5290
80303
1910
90321
51691
5094
898
7827
84752
23468
5469
5741
8626
160851
23362
1979
5890
119749
4798
255043
844
79694
9732
5705
4325
7341
85414
26030
5899
10430
79679
10717
79772
64395
219899
10974
134391
3475
27190
57522
130535
8622
10894
11222
8438
389762
688
4850
4065
64418
5939
23533
222166
5076
645683
84900
3445
4673
391365
6401
2665
23305
5098
1286
9984
115362
838
130951
4615
284546
22853
79684
79719
4144
9923
10517
504189
51185
493753
196883
50650
5546
338661
4969
84103
783
9031
79674
4629
161725
359948
54431
2673
159963
4904
79831
6870
472
843
26119
7298
3203
196463
23549
10818
23283
440
38
5440
7594
25891
8693
579
145226
29767
79802
5260
23209
56704
60506
2289
93273
221037
338785
55638
2707
160897
80201
9910
2984
54148
79692
54840
84294
1287
9990
999
60559
1289
84824
1293
152789
11171
6035
132789
404093
6018
10923
80351
219970
8577
830
51091
84517
11262
57484
7184
5228
90233
59352
55167
27347
26494
7103
341676
643246
11085
56942
10899
5136
1292
57143
145270
4437
4985
353345
56112
59351
1386
4300
343169
3429
5710
51302
5218
112937
8531
57419
9976
93183
29896
10605
29999
56142
26973
55909
220158
7013
53981
201191
253650
64864
9060
26285
57476
23621
363
553115
100526761
79048
5471
64708
29127
56897
389
7431
10409
221154
79865
4938
219482
91351
84867
94059
344807
80821
2515
10117
7476
221120
400952
7533
2975
389898
597
345193
10804
100128731
23285
53371
121278
11127
93627
9095
4291
10794
56944
25851
23619
150353
401548
151556
5744
6433
2028
83889
147920
84970
56987
222642
3355
60370
64419
5965
140612
1380
116832
9683
725
9101
3235
282616
5108
29081
57482
54733
266722
55862
5689
6897
121536
390058
4253
170622
6059
256586
342125
3131
22796
1811
25814
8880
54496
10279
9914
4322
85301
158
11047
10780
203068
5521
120406
8500
56135
92235
254065
92346
55847
56624
3755
83636
142910
9603
79858
64151
50832
2589
84765
27130
9450
84886
9534
29028
1112
11030
10397
400224
401190
6731
55246
26154
10257
79959
57168
55356
229
51371
255394
3007
389840
145438
23113
131034
9662
29925
3816
475
10556
7571
8654
337867
3768
6259
90624
7159
8989
152579
136541
124976
23593
1004
54882
7306
387751
8858
55256
10902
3070
27333
2820
10560
55745
8233
4864
9801
4790
10998
3476
89978
282996
144402
389015
4064
10160
3587
87769
388730
4147
3762
100500938
84624
6809
54757
147409
51324
6605
373
8604
3257
3003
333932
92597
123016
51705
27332
54209
3717
10112
9826
4849
10
11098
55313
4340
580
51430
2565
339766
5212
80325
3068
3360
4246
58495
26232
11122
285533
255488
56925
158358
51421
10135
25798
8526
387700
389114
285636
495
283092
64167
5898
501
9312
142940
340980
84804
23175
144165
1473
55117
11244
9369
9645
10559
27319
55571
152831
22920
90161
29102
254251
54926
222484
54585
7185
91607
326625
6786
4160
90627
83468
8449
9310
287
7988
6895
1837
146853
84695
202243
9785
79789
151242
79639
8802
23160
319100
150365
145853
185
7580
138804
5814
55204
4680
64127
3850
83982
64753
2110
8968
147710
9262
11073
3001
403341
51101
128866
55076
731
401097
389161
222171
317671
140691
100289678
219
56169
93649
80149
25957
2196
9232
3593
220972
116441
23683
4838
51072
10626
166968
23190
9638
89884
11081
201456
7436
23609
149992
6288
8942
10079
91661
283316
80320
64968
10569
390059
9271
22924
51619
1826
10877
7479
204851
23322
51234
1230
100527960
4313
79074
11016
285154
9873
164118
7482
3643
8767
9562
3434
11283
23361
83850
135152
128061
85438
136991
50865
4860
83873
3709
254158
55100
201625
267002
64759
9255
83875
63929
165679
80237
64318
23105
4148
79853
8322
109731405
395
55554
6662
345557
220164
7444
51780
135228
3694
60488
51205
57523
89782
3038
23265
4118
9693
137209
147741
343702
11046
9020
26160
2299
23355
79809
353164
79730
28316
64321
10480
23002
341277
100526832
728621
2894
6742
10420
28984
1384
5729
1528
6580
23254
220002
8354
8339
22909
3199
3800
200150
55884
8309
51141
64320
411
337972
1538
79605
8805
64231
114
3775
1417
64324
56832
79192
5252
8609
25771
3382
284
56114
51119
163859
55255
389072
4490
23452
83940
283982
474
26339
5001
25870
9728
214
890
84830
129049
23352
339302
78986
56676
54894
8836
353355
220074
388695
53616
767
10211
55207
1183
2842
6340
2658
219771
55320
148641
60485
91010
147463
57763
54497
10806
55760
9173
11034
84320
23293
4648
85865
25888
7381
3988
84923
353088
5073
148362
8776
10391
5993
4654
6189
79645
23520
222236
317705
7374
9567
3017
285668
196394
10625
151516
54896
6602
22864
23534
26137
9532
128876
22801
55299
7307
219957
84302
100529257
343578
55860
9695
27230
64793
23473
2566
22862
64963
339344
55363
6530
25897
5861
1834
2923
221687
51244
10219
29094
166012
2488
150084
51686
84767
51300
3842
10254
1212
22863
5287
6887
3809
27107
84541
25890
148304
29090
5518
84460
55335
5875
9966
51426
84333
360023
133491
730
92797
56260
3444
80762
57478
129531
349633
819
65121
5996
2646
7471
4653
151188
137868
390927
3200
2641
54520
84527
113828
321
10490
129521
6422
3747
23440
3112
222696
51755
3184
5203
84539
5836
64116
196477
51667
22854
10144
140738
5921
168400
6660
8648
51287
9821
90701
7692
8887
343930
8106
3274
6674
26000
151742
51282
6453
2152
63915
10434
175
9951
4363
81318
219874
119548
91947
2963
55786
399823
114898
1024
89797
51574
342371
400954
89870
6991
6947
100506049
4600
259249
785
23185
9459
6360
3204
10325
254887
127262
1723
56113
54981
2650
26999
84498
57622
26267
129080
944
23247
58155
408
23196
1493
125919
338675
6457
4867
11116
3075
54843
27314
8363
643382
8323
60625
6419
3552
6790
51151
22908
392636
157570
10250
23310
3777
9572
5644
120379
176
8910
219873
10969
119392
57180
253959
3645
51071
7071
9729
4853
10576
29967
55022
324
9922
9705
59272
84961
3080
5243
25775
4015
6838
7222
6097
1373
9071
7266
5409
9810
1524
6814
10169
161145
387836
134701
60675
138241
10261
9874
5156
51131
51191
57600
10455
338322
9411
126206
153642
9581
23107
55734
10050
6480
345274
7716
9135
114915
10449
28952
4113
93979
4179
254950
56140
168374
4714
51377
100631383
10368
53373
27101
58533
151790
2862
57864
84144
124975
103910
139425
26011
56101
23677
79901
2553
90273
51510
80258
149281
9117
253582
85453
57565
64863
66036
50863
64776
58526
10228
399967
56651
79161
6125
64207
9975
55831
219833
26521
27306
406
7994
1285
1089
84708
402135
23250
2146
441631
119710
166655
119467
5789
84196
23431
390151
11093
5931
22995
29941
57690
56246
2169
401474
256006
29110
57037
348938
23191
219875
25904
2119
55906
6320
147948
147183
402665
4803
840
164045
8351
2079
137872
400713
1781
2861
347475
79188
5256
201965
94104
54469
55160
