53354
2195
54986
3359
23245
51534
83940
51473
196441
79413
93594
642987
4163
202309
7681
84128
9242
81849
345193
93587
55283
80209
29958
5132
2272
140733
92949
2073
4289
79048
79718
147166
504189
5076
50863
342125
84570
147409
10699
2160
2895
131368
3077
1793
89978
2335
407975
140856
644150
6098
6252
26053
388536
115209
6879
55644
2149
143241
1806
10592
8989
51020
2555
27146
92017
348980
6555
861
51571
200523
5577
55227
84898
390260
130576
7745
23329
89778
387104
1948
22926
1745
7453
60412
64168
51218
3667
5894
23515
55757
50808
50940
6777
79071
79400
55760
57575
2917
51133
5341
55801
80110
145389
9901
4217
255743
115265
8452
9698
284307
285175
6789
84216
54834
5984
64216
79887
9448
27085
799
130367
253260
4929
5099
6492
4128
23220
147949
7003
81704
29087
3716
51193
8836
254042
57181
3267
471
8527
3747
55061
65251
5151
161357
57580
342357
8618
132789
160777
100288142
374462
4745
9723
10283
59269
8633
83884
9324
5562
9931
8365
90102
90529
55970
55066
54988
440097
55328
10739
6595
7371
64116
1183
5335
23767
79674
286053
64288
100463289
125113
121952
221079
9054
5444
159
55205
5144
64283
90523
8492
79616
167681
163259
10200
6638
387707
6728
120066
11163
8738
4593
8693
55832
59284
100287284
339318
57482
84466
154214
64093
400696
7673
84109
221692
389207
4067
8309
341880
5087
6662
160
6092
1909
22999
9892
3720
5521
100129583
55068
654
3776
169792
56987
1036
81300
54665
7638
54209
83661
6263
154007
3678
63971
143501
23177
8208
83857
159963
388743
221710
5178
11160
1633
8556
100526835
50484
91584
135114
3953
1015
6617
79135
317705
5634
51559
10388
353164
83594
6197
127833
8701
285668
4481
374378
3840
8573
5608
729025
3284
3157
4430
1602
124274
221223
117584
117531
4649
10944
7026
574537
4033
9659
138255
5069
140578
2867
55635
163255
2172
55734
124359
219484
94097
64067
10716
9308
6495
231
9783
286362
55500
2651
3467
7038
403253
8674
57705
94086
22853
641384
10371
222255
51176
84553
81615
54497
387755
10964
147923
285220
51375
1301
92293
10427
389766
352999
3696
7068
23051
387638
2977
131177
84541
27430
5462
91612
129684
5407
6769
10335
23224
8872
653464
23382
11057
23097
64097
120114
171019
2862
63899
25924
54901
23070
84858
9508
5578
84826
151790
57148
91137
57570
2877
3183
83998
2191
55207
7274
2975
317761
151195
161742
1591
100750246
5290
26289
55054
7292
404734
56890
204962
8036
256130
307
9369
5295
25929
267012
3742
79956
152100
51319
83850
11275
23462
846
11166
84900
182
25906
729
5449
54848
153768
6310
4015
64092
2551
85019
3141
200150
3475
3899
1525
10507
344905
143570
388
55589
10885
55188
222545
80218
8417
23500
79098
9771
10694
85301
168090
11171
27094
7348
26503
29063
6546
196294
84765
120103
116519
91687
55144
26059
374899
5136
119678
84437
26054
83861
9586
157855
116039
10846
10912
617
1915
2703
6419
6476
2961
92092
143162
7201
5793
1373
151651
255967
627
9630
114825
23012
2309
84100
148418
9951
5530
2120
219431
1062
55659
3914
388730
2250
219972
222546
29114
4081
144321
151050
2098
10499
814
9152
11223
79772
728841
79809
8224
81309
121457
120
57678
442117
9039
114815
152687
1070
50852
4045
10590
84236
1010
2110
10150
397
22941
23480
54877
3752
219844
55140
51808
1161
153241
150297
1581
51542
27436
31
2004
27250
5212
51691
185
160419
23768
7225
57453
168433
1767
3708
55209
5019
57381
22891
3800
3007
10580
253582
9521
92667
375287
6751
138804
735
3834
5542
221833
80349
154215
143502
65121
23530
55802
9745
10927
100528030
347051
168667
79084
134265
9839
339855
23028
2262
129401
93183
6249
8671
51015
3990
3558
23504
7174
9719
285513
26589
4948
147323
27190
23092
23036
1285
728597
344148
7733
8804
200558
55187
79078
728577
6549
121260
55825
283197
152559
1826
55972
51741
201725
10048
55030
10765
6251
126204
50615
55770
23158
27010
2665
171024
84196
5055
54875
120935
90624
79848
2131
339896
9107
9844
267004
3673
57689
80343
3758
219417
5305
23531
817
401024
26468
150684
64215
23424
114793
339479
222223
8850
57552
5137
3709
347736
497189
2649
3702
137209
10690
6360
22936
83480
254158
4147
10584
65217
392376
5128
2196
25834
8942
55082
23576
142679
5599
343930
9312
7272
9721
1825
1318
23213
8322
51706
374864
259230
6503
3617
22828
55777
10920
220164
5744
4643
55320
25788
571
84193
1894
116511
328
2619
9705
8546
25780
64332
63027
90134
5273
285195
51231
10681
93556
338596
3158
83690
84181
653145
23057
55768
4753
93035
22873
154664
5275
10600
5108
55636
26154
91942
283927
51666
5741
1105
337867
3033
54927
5797
80071
10125
253559
56886
284252
80745
6674
151963
5734
10274
64759
80816
56261
57624
25904
60385
26098
2888
998
57101
3717
5122
158471
9722
55691
27148
375444
3605
4660
81328
79839
9790
116984
5218
1803
4133
11311
4609
401548
6295
5321
6403
83478
3845
2043
27034
79611
4036
3688
65985
378925
3346
285237
54768
200162
440107
868
56829
153339
10082
53407
8411
23471
1462
2108
53353
157807
2342
64432
196472
285877
167838
79861
5139
6677
2132
53918
56947
5168
2893
57016
7433
6605
143884
9177
254428
51780
51108
246175
5325
90799
122876
5903
128710
79730
116159
238
55612
9231
50514
129446
127602
64780
347731
23161
25842
84102
8564
9695
306
683
3371
340156
387712
23389
10003
51397
831
58477
55763
57531
253970
2892
6167
91526
23002
1588
3908
57619
10817
2313
55259
23556
137835
79843
25898
56311
11259
51573
64431
114827
64799
8030
84693
341640
127255
84327
8555
79689
84976
344892
129607
22854
51166
284323
5737
55795
22871
10225
10243
165215
59352
658
25913
2992
5214
9869
10403
55359
10953
282966
79870
23657
390999
22986
1350
27241
114781
26046
388695
221154
55157
254827
30010
3184
100169890
5733
8707
120534
79882
55973
8001
63973
27136
170959
54840
9337
343578
57205
6934
501
54536
11201
401474
2834
4172
9886
5241
27063
84725
9674
57186
4547
9840
11276
3167
8543
7757
58538
5535
2162
23328
90701
51735
115294
84332
2138
11157
81533
57088
7915
100532724
4285
64853
80351
64429
55686
79109
63982
5506
11278
7360
2288
5836
285755
523
1501
64946
27303
283310
56891
55862
148811
2734
55084
6121
79658
5654
80831
56948
27152
26230
51806
91461
83999
2100
26011
25820
51760
26035
170690
2648
10098
153918
6386
83551
153364
283106
55110
4337
7150
2243
49861
5651
64478
9232
10818
387129
1655
95681
26056
4780
885
7342
84886
8170
56902
2904
5756
23185
7204
654463
57150
126231
55617
115362
55872
5774
3148
5929
23358
85865
56776
3912
7728
441376
9358
100533467
26137
79577
647135
81563
10672
8528
79750
122042
3791
729515
64924
643866
7562
79712
9956
29062
10385
9912
93185
84317
10022
22920
7399
8350
4644
7743
23041
83872
9958
5468
123169
4214
51141
9590
26259
64343
4173
253714
2743
51232
115752
8477
161436
57528
57460
2104
114884
26003
10129
23671
8780
57128
64965
84514
152815
902
54841
2035
51071
3003
10418
1005
9871
127795
54843
150159
132671
83894
344018
9554
79971
55622
220074
131450
57105
7323
3161
4860
55751
29766
2863
5352
10282
1290
7143
6887
55074
25769
221981
6097
8549
2898
79075
100287932
285605
196527
9348
1630
51696
100526761
4216
83446
283455
5892
6584
83540
25852
9392
360203
55132
353376
219402
65981
145942
9653
54726
8451
1814
54502
80310
23352
9984
3746
286365
10110
63979
7373
4773
401265
55784
340481
92285
221400
9462
7798
51086
89797
144193
9786
3918
4920
130535
10717
7006
6772
219477
84060
1749
7042
4602
54534
163223
166752
11231
125488
84525
11227
1024
57542
26057
8139
25888
4850
7088
57713
221078
10561
221895
4012
4258
7227
4149
79596
81550
4052
9320
55128
79747
2766
389206
167555
112399
84969
54558
55599
9736
956
57282
4921
5239
27253
26013
79598
23077
200576
57096
168374
5596
219493
56255
80309
4437
940
87769
2263
171546
3363
7596
2813
27347
26122
84899
1008
57512
60685
5340
4680
221035
348327
6885
23122
579
25940
645104
4986
55631
29102
4815
79875
85439
23347
56288
23619
4976
2891
9856
116449
8367
132204
441061
7334
753
115827
64854
375449
1486
10042
153769
151258
1496
79739
100129669
64167
10160
5334
8672
80336
3707
117194
222008
64921
100302736
4853
154043
351
51429
284695
8491
8538
7035
26256
285203
51390
55466
78991
112840
79097
5534
7402
7976
54439
6641
148
8821
9446
23414
83856
2200
55534
9716
2492
138803
221806
3434
1677
144455
92126
55619
135152
9027
5799
1750
10368
157753
776
56935
284293
10472
2918
57545
343505
64850
55167
23566
167359
161291
10464
51752
604
53335
441631
81792
64747
51110
952
4715
145567
83698
25998
287
6480
4208
93649
9111
5356
6715
4018
3760
257313
8715
389762
157567
389763
92482
2045
50834
81491
9785
64135
55568
339524
153396
9229
23011
6785
26747
122046
10299
8904
2915
60625
7855
29106
10143
6101
51663
9645
2993
3298
7982
9457
3449
81031
400120
6579
284370
83849
7265
9652
151742
10010
79802
8540
285636
9481
253430
399947
29964
10924
9821
51066
121551
283742
130399
93986
26052
23484
145264
654502
5682
9712
153770
140890
1740
23637
55742
11120
6326
79815
10769
9184
23554
5046
10718
1368
3655
2562
23143
7182
64111
2549
343450
1262
57185
339448
4552
80308
9671
5746
3146
2741
1982
58486
90317
152404
123606
55578
7325
1768
90025
10252
1646
57484
7164
23683
112616
83539
80144
140767
200845
147945
5359
26511
10915
1122
57556
50485
4760
83860
2690
10529
341208
9510
8110
1635
79054
6317
84750
259232
116068
1393
375056
55885
55247
3446
892
6775
594
51302
254394
4331
64848
80243
23254
89795
9071
401036
1769
4121
6616
255631
219578
339977
63926
2713
56999
10973
444
83468
5169
6239
92270
7321
256297
5567
151278
55299
1600
1663
51043
623
64764
5996
6910
55314
54093
23247
284110
56938
90459
23626
23380
54212
92259
57536
5583
8710
138805
51135
152518
54453
169693
9209
51276
5861
4802
151126
2359
197
8842
23461
549
5288
79072
55711
130074
7941
57688
23639
9330
10894
83853
84062
25862
23426
117178
340895
221037
399694
9635
10242
50807
10265
338675
6745
1004
222553
79974
152110
1479
9861
57511
79781
7369
81831
221241
7080
28513
137886
4645
23094
54898
23286
2974
57724
23338
7776
55304
84870
341799
55159
27068
6453
91133
56259
427
5569
3329
200132
57037
5208
1607
84498
8829
26058
202020
54828
256380
29974
387357
83956
389208
51126
22862
9658
6014
229
4800
1854
60559
4060
128866
607
79582
23024
283450
4336
1611
285704
118856
219938
23081
288
23281
29970
140469
57573
169200
84804
80762
90199
25816
29126
4617
84515
5991
27031
7913
54995
55024
6505
100191040
201595
1286
84871
116135
5142
7753
57489
219428
3773
10175
163882
54997
29956
8935
3855
92675
9069
2561
130507
140801
440145
220992
8828
342035
23483
5875
57094
63916
3192
175
4048
60496
10886
7533
4338
1804
28966
2585
151613
282809
83741
57554
256536
116154
10320
54566
23359
4756
9699
7771
23026
257144
81501
1103
10551
9295
10314
51208
23351
100130958
5431
203859
114880
81578
121256
55732
6975
5067
9079
57687
57818
54918
2218
114088
10276
148641
946
257194
2201
3479
57515
6860
9926
131544
57706
4651
100750247
2971
440311
219432
5229
100528021
11124
91947
7253
9948
441108
401138
9779
55664
83851
374900
1033
83473
1780
29951
345930
84320
26257
4065
22982
27123
51083
121227
114131
862
348654
93190
23216
1638
54984
285671
222643
6944
284349
2856
23007
5073
9108
91752
5898
4314
55323
23114
9882
1946
10446
9495
10659
3765
147991
9117
60506
56952
283598
2122
2066
6189
166968
7597
79132
55122
6527
26040
100631383
2581
339965
54806
4654
5607
152137
400818
11260
23236
22795
283514
166614
29995
361
359787
23256
6547
23261
51175
128025
65982
3554
7761
79817
5999
80760
4543
5126
55342
27252
51802
152098
22801
2244
5095
117583
115817
79068
728464
6331
80059
50650
114788
1662
169166
55607
7112
57492
6717
6304
9573
5268
376267
145508
6779
8364
57504
150084
27086
9015
3595
84280
5021
162282
11122
53942
651746
55799
201456
79005
2047
26227
114801
55339
25775
80036
51582
11213
55852
326625
9407
5611
58511
147183
2775
341883
1002
10216
143872
987
57520
144448
58504
9262
5987
57091
5874
26973
4907
2247
5101
116443
6873
254956
440699
10040
4126
6557
54882
219681
143
8853
158038
7881
9271
10351
4685
23086
3240
1601
7110
79925
140862
55790
403257
4653
28951
4829
25897
8626
118987
400823
25782
56957
134526
127253
56254
2290
8339
116228
284486
84159
24138
57084
79898
1000
22881
25903
158358
10286
3910
118663
55907
3283
10539
83732
123624
54454
9923
55225
7222
2770
2534
9451
9315
81617
54510
7905
340205
3977
2074
147
3751
79633
115207
23047
154661
4212
5784
23418
25934
56922
3451
58494
29945
59277
51360
440081
84935
8553
153020
6788
114803
55755
81553
54796
79819
7704
90390
4544
55335
493860
84273
196541
375298
5648
5684
8812
1807
25927
5097
926
8760
9847
81537
51633
2897
2257
10451
400410
4321
166379
89869
9628
100188893
728643
57559
9373
960
253827
134147
2321
651
1123
3763
23635
23001
133923
342908
57623
55016
9729
56172
84456
83943
1131
100287226
375612
22798
2963
55064
1573
55102
9378
474354
81610
100131378
5582
2702
114795
57824
83449
10370
57047
51094
4915
80173
222236
116931
23335
84643
590
221061
2259
7078
10666
22934
1879
256691
166378
408263
255738
100131902
100526664
283777
84251
4703
9488
347168
85413
402117
100505385
9472
83989
79783
6610
259282
93621
4026
79632
7091
9126
283982
59067
6538
129831
119467
55504
114898
54551
4009
4223
136259
401665
259240
10622
22897
55297
27340
66008
29118
730
166336
10069
4982
3360
11232
57502
4249
2742
4897
10556
57829
7363
55230
200959
81796
8745
9076
55521
80219
9732
152579
9397
348751
128553
6900
54674
143458
25850
2823
1284
240
9607
3756
114786
4300
158158
55509
221711
26469
3091
100861412
23548
3034
285343
79807
3945
391189
399697
25791
5950
3606
221074
137868
214
160728
50862
744
136332
81318
9829
151112
144360
2900
1315
5860
6446
22856
10170
1871
283446
9728
130120
441282
10199
166929
119749
56914
5828
9881
334
81035
606
83852
387103
3060
51703
9180
100529261
4739
6938
3084
5271
79794
6336
85443
2740
221443
57007
5289
84811
5695
80731
23705
133584
7390
5540
356
134860
121601
338323
11112
10203
221002
160335
7770
136991
55628
135112
2059
79866
128153
143684
5921
135228
26610
10667
643226
5189
257218
7224
490
23022
8148
144100
10261
389643
137970
80323
5459
4255
11085
1363
118611
56034
25893
257068
22995
51430
85460
5586
6928
79722
80345
64983
5926
8647
27185
9743
133690
64641
387890
57628
60592
3295
9247
389668
6332
4139
89894
26018
55109
6999
81624
1374
127731
22903
11096
729993
6925
2913
317
7534
7273
10001
285362
2487
9666
961
79992
8335
10260
392636
60558
348645
1429
92
7155
100134444
8924
9162
3786
58493
108
11240
100129792
199704
55432
171425
10930
2334
11249
83604
8739
163131
3895
22894
388523
54363
27445
54514
93081
23160
7436
84107
282996
78989
6533
7051
266722
23120
165055
200844
6259
8900
9236
79145
2557
643677
51605
100463487
7295
51716
60682
11313
80184
10788
9194
152330
1345
90627
8987
200734
5406
55120
1009
57565
5870
100130742
7472
100506658
54878
10526
5016
26266
387694
84623
100534012
56898
50507
79752
84640
1297
163486
93663
84617
11148
403339
65997
8932
1404
54935
405754
79865
29966
256144
9167
1303
149998
5791
115286
4693
1910
24141
80317
2861
134829
79623
10873
442213
29090
3176
134492
5028
431707
57523
51560
133396
79982
10563
6352
10345
79139
2560
10137
390037
2894
10692
387700
23609
55814
10438
59350
11214
3417
9627
344901
2995
23327
8343
283463
51594
342618
22824
133482
51562
169044
10626
8366
390142
91464
26191
4842
116285
137902
10124
1386
114876
51351
51778
253782
90827
130940
3575
170506
83699
51520
84775
22858
134218
10213
79740
84868
54545
55816
10165
160897
51643
114
10056
10531
115677
51106
256435
92255
283349
1956
284348
57405
5203
4064
23446
387715
11082
340784
399979
85021
23171
2731
57639
55137
29104
4008
92597
2890
84239
154141
58528
55714
81847
22902
134266
10914
79673
10289
2820
116328
9914
2803
8092
91351
201501
389558
136288
375567
26750
5789
57116
631
338557
873
667
27131
64577
5077
93166
56114
64579
121278
375337
27327
80224
122830
7518
5332
147381
51361
345557
4618
8725
3556
28983
6695
100288687
56853
131096
112495
120775
7424
83447
285335
5683
9938
8728
55211
690
54504
145946
64963
11006
6314
6456
128822
3930
64919
4978
5558
84458
80314
669
51606
204801
9646
414328
130574
219464
55729
9515
114800
11056
79368
54715
84319
29765
57451
5579
27069
346007
9904
25978
126820
81327
55669
169026
3015
6091
4322
91543
84071
11072
146177
26998
57419
23040
222234
8038
4477
2554
9774
55004
2271
204851
2744
10130
28977
91653
51059
8803
26050
4482
346673
57626
4916
4085
1021
51809
132
57700
2739
55647
143879
165530
7486
133015
23200
29083
5709
220134
285525
4124
10827
6093
116987
8975
65059
163782
8358
89910
6328
3075
132203
94240
64388
8416
6936
25909
51179
133308
1794
54813
221656
55041
9350
2632
728215
1164
4286
100505879
988
7447
245973
9781
166863
25821
344022
56934
79683
53616
64858
79625
119587
6875
23142
6857
203238
57679
11031
4646
286183
51105
6629
6358
8353
80070
1833
284
338
5915
10090
23439
216
22989
122481
11162
389170
10576
64844
23075
7444
2042
3155
220972
168448
57561
261734
5494
84162
23345
4522
29967
90634
119391
9910
55821
23592
340441
118813
345651
51050
338645
60528
11170
387597
431704
54928
285600
3347
92737
401027
64518
4306
51555
56950
84103
138802
204474
4254
64839
54888
26031
153443
151987
22906
93492
2582
5906
56171
3768
55149
51100
1647
8031
900
56243
3012
586
255403
63934
7762
3480
7465
27101
51575
7766
64895
6636
219527
570
5593
23553
1379
202018
5243
51389
130733
10443
59340
219771
114818
196740
6096
26047
63895
157376
83893
138046
135138
93664
4288
26010
1272
56895
27255
8499
112937
9626
83892
3250
10855
8125
153643
80333
9037
57147
55531
983
4790
27324
91298
22865
9678
84302
130
80034
50508
84698
85477
55023
206412
4129
26999
5523
84190
83988
56341
2799
5968
10611
22803
22807
8496
23175
6596
2567
346562
6840
53919
56647
11030
19
5592
138799
4311
642968
8439
130132
7046
201266
23194
26022
57038
4140
11118
1006
55733
118427
54914
10644
55156
4291
7511
3448
119772
4233
140462
3672
800
23408
394
56979
100526767
966
221303
29119
51705
2241
5140
80311
53833
79853
3382
79692
56884
10941
256148
6262
10987
5324
11055
26272
202559
134121
51194
54839
55843
56940
133558
