5796
5957
9650
51700
3998
51633
283455
24138
2257
3293
50617
25825
84671
81569
10562
147906
23099
81539
64750
51526
56911
8911
79657
5274
2475
1825
5359
126668
162394
6124
10884
1075
85450
757
80155
3916
4978
375612
284307
5546
79091
366
55972
25934
6307
92
3556
4798
4314
221806
4651
9015
6747
57575
54212
9521
222171
152789
57151
57226
7849
50862
170712
344022
91661
199964
7373
84824
23479
7189
283092
165324
79188
83988
79876
55119
3741
11094
138065
29883
689
10252
8879
54014
25924
388759
152138
1634
3725
26589
2934
344892
373863
203238
55205
9133
127018
64224
283742
1361
29940
29765
3150
83448
79805
342371
9783
84223
285513
140690
51465
83449
4142
245927
599
55759
81704
2857
29895
150084
26338
4249
844
122060
8317
10369
435
5803
55255
1515
51605
200010
9337
4914
51015
9033
3351
2074
2331
5412
442319
129531
8534
604
94240
1081
200132
7019
23351
79101
8630
202020
10219
5294
25988
9530
28977
286826
9656
348825
56984
284293
9493
4705
10873
10420
23259
29903
127579
6882
200232
84687
151531
81025
3064
337879
623
51806
23527
58985
25886
5073
2752
2051
395
25842
55024
10575
11060
64220
56252
154091
6894
120066
7433
5122
83661
1854
84280
3592
51097
26090
84858
7378
23601
78989
80790
282996
4719
3007
9554
3604
579
10744
168451
57224
64434
10438
6586
84108
134391
54625
65125
347404
100507050
8604
651
3320
7326
338675
339345
79149
2271
91746
2488
58155
1871
819
202500
4015
55771
57122
51056
79865
10345
79685
285704
6640
93649
55326
3745
6302
112479
25978
153364
9477
25913
163
22996
9413
10588
90827
55862
6117
6429
116372
84197
140801
9924
1830
10285
54876
8861
84216
7164
127385
57217
29080
147945
493861
79750
23190
5949
124857
8076
63948
6835
5582
6487
5861
119710
3980
9515
89874
6502
152206
9063
80174
664709
51176
81309
10238
6943
10959
4171
80099
6991
3452
83894
64431
5077
8693
6745
132612
6332
4692
27230
80321
139081
57477
10243
9941
133482
64801
6440
388931
269
5800
55576
160140
121601
64377
89857
1404
2172
404552
2044
1749
4707
1161
9735
5273
153571
3575
10003
5617
146177
219938
728118
285116
92129
3938
148003
203286
59336
6776
79959
6098
9753
55789
11215
10548
374897
50508
9693
150000
51499
221823
10199
81608
64419
10930
26751
390174
2674
5789
2196
486
4837
56906
130535
655
9044
84932
6879
51304
51466
84869
200844
632
29118
8658
889
284611
56134
10135
683
5357
120534
1654
347736
51066
10947
55315
81532
222537
2073
90390
57209
64866
283165
8778
4490
9904
400818
28952
322
5814
57531
5151
79165
2641
196528
80129
387758
79413
400696
79587
9938
29800
54995
170959
58533
23137
94241
339210
373509
1292
23082
143630
2620
2169
5784
146227
10867
5984
83742
146760
100506049
100861412
55197
22876
11120
9841
51778
2913
9908
49861
52
6249
57451
445
2796
121457
1503
6873
8348
343413
2131
22866
81875
781
164118
162282
3158
25793
26059
6206
100191040
57405
79577
9663
219970
54464
8817
5787
2202
100131137
90693
5236
6168
4988
56163
121273
51086
219873
86
5341
246744
284110
25780
2110
4194
3077
54813
760
10667
23283
286144
57786
4729
6476
6764
3707
2549
202658
4313
6713
387638
121549
83608
727896
783
9054
389762
5723
29761
27068
135948
29953
79644
26521
164395
22920
143458
55031
4750
7753
254065
23049
8999
8831
164312
23204
93273
3482
81671
7049
2312
8398
26586
51735
1070
80310
8936
22871
84708
352999
93587
5564
10982
53371
51062
6490
10776
220164
57535
8927
57643
57092
5160
91074
2834
9364
8899
8563
22895
151230
440311
64768
11326
389114
55287
4144
84226
389874
57158
148811
51095
196383
9001
134266
11266
940
85438
153769
84504
54902
79744
3769
7018
283160
53335
9934
10558
51678
79570
214
283316
103910
23138
9731
25874
225
91694
2701
4710
1522
196294
7976
6711
51201
157695
84313
441459
25950
5979
10694
4825
374900
3735
27315
64395
128876
2114
10079
7292
1486
25775
401036
79648
56914
64426
9778
1215
2243
57168
55614
3060
6932
1288
100101467
2297
84669
27430
56521
9774
4659
119687
3239
3490
7203
348980
9429
57478
85480
84675
6523
259249
85569
5001
22868
150572
5744
147657
9399
89866
51720
22909
54469
7485
305
284827
9628
2029
64105
117532
51014
5437
3736
7412
8353
255743
116028
6097
114905
162963
29958
4982
732253
79966
3109
116068
64946
26191
8022
9470
51510
57523
64168
56259
9848
4637
389207
414301
2218
6603
51166
5253
50717
2395
51319
7386
25799
79673
132320
5067
6446
64744
6139
26499
55760
9668
55584
440944
56606
9851
814
4601
501
284349
55148
79611
49855
1431
5184
389643
441027
402055
3015
8360
25896
135114
54476
1745
400224
374470
29974
341116
81553
113402
4698
55256
10330
286362
3841
65982
23609
6301
8082
861
8796
94086
6920
63934
23415
4790
55248
90417
162962
6385
5125
51427
6356
3485
81566
3035
26136
79190
10093
8732
3090
2315
55157
374899
1593
10927
343702
84923
29767
4189
390113
56673
54149
65008
79066
3973
64327
4036
3140
63906
65981
5250
286223
50840
55811
727936
53358
257144
22921
63926
338322
81602
117156
29988
51101
8858
79607
1024
58526
120237
1459
8648
2326
8895
2209
55521
23052
84614
256076
143689
57568
157807
100287284
54768
152559
8609
10260
1010
10254
51719
114134
5308
84898
9293
11046
92104
138649
57016
3301
55284
4645
7068
9837
55174
55006
222545
56256
3920
55015
10380
7181
100131827
11234
219402
51569
5218
390168
65065
7566
5101
8832
28983
8542
6331
441933
9936
83445
9921
26515
8601
26156
84560
9046
9213
3603
11272
728635
3899
6801
23196
3075
23516
9805
2914
64398
56
81537
1657
11166
84844
134187
55298
79780
51726
22800
4163
64506
51314
84570
90799
11069
80115
23071
84888
4600
462
57396
319100
56832
51650
23355
10766
55791
64747
286451
119392
80145
50804
8502
259240
80133
445372
390321
10409
283420
9957
347051
84832
23480
5053
27329
80179
150677
92749
79956
219855
7187
2321
84900
8459
1411
8449
3375
376267
286495
55258
11178
9604
4214
26494
647033
80816
56344
57830
5128
53836
3176
57616
5743
59339
152518
91942
55222
130507
10974
8747
149041
1761
399
7915
317703
9869
9182
80148
83697
54809
92610
23518
2731
3839
142679
4081
1842
147660
169841
116842
3703
43847
10625
85007
391107
53346
132671
3790
5276
2690
190
282618
152015
340562
54934
7486
9895
92949
56977
1939
653548
11026
164
2483
10096
203068
254950
129138
4481
55660
84333
57047
8315
4620
1540
5321
219986
29923
158135
6171
8871
169714
4140
3756
10933
55127
56943
1602
55032
238
5996
27294
55785
387923
11280
143471
7295
5301
7424
6733
55022
9509
1021
26585
22880
23214
7761
26737
60491
23344
2850
338596
5774
22801
4300
25827
3751
85458
64901
4306
4942
645104
117583
136319
8997
129285
3559
3032
3754
56111
2878
84083
3837
257019
4312
346517
130162
53831
9141
3131
5305
401498
7188
57447
54822
6834
343450
1538
8491
161145
283461
6372
5126
2289
5891
51098
85013
3568
162514
229
5325
11056
29057
5997
390980
390059
285601
6582
5906
80333
5265
220441
51000
143903
1434
8559
204474
9328
8726
285521
6648
55064
252839
84541
761
5897
5947
100129385
55750
170392
1768
1514
8887
338557
27098
6489
399947
796
10993
25972
389136
8379
4931
90673
231
9352
158747
7088
4064
144132
333932
64005
4744
9350
5097
2079
5025
5356
57724
390093
153643
100507421
64710
26011
160857
55553
5547
8345
8440
84947
2804
441108
57821
112752
257160
56889
26275
23189
7190
4973
55147
9440
127943
523
6296
723790
79822
114801
5596
11035
26030
57185
10473
51384
60492
27324
253558
2512
55737
4199
6581
9975
710
23531
8445
10228
387836
10559
100820829
23533
2648
390154
196472
399979
84620
8649
7390
114800
6274
117194
25998
1429
8549
120586
1084
10914
8975
57337
7045
89869
54940
1318
84253
254170
246175
2318
149685
51135
285331
55718
51805
7994
4342
8335
2713
167826
7638
64881
93134
57507
493869
5214
4956
128360
10953
1031
4753
6228
9450
91653
1500
8294
6708
84918
4638
25897
170689
118738
728276
157680
285203
23554
4281
57574
440138
4745
10881
132954
4613
1457
10887
3937
85476
11170
80012
220074
84076
6935
2150
96459
6668
157739
552891
51247
5929
63874
374928
121441
1961
8514
6203
63905
790
2151
55297
55676
9647
9079
622
64778
6401
55335
150082
51028
4522
56098
64151
6419
114818
10152
79974
10877
2016
56672
57484
221830
50833
51347
91750
221178
9474
2882
10691
50650
92196
6364
78990
3516
387032
57282
3458
8419
27327
30820
100131205
57688
118788
8323
9871
12
692094
6898
7490
5058
100529240
92979
390152
7776
10673
100131814
441631
55653
11082
11227
340990
63898
161142
2570
64102
3738
26503
23452
6601
11034
91522
6295
8498
25814
6795
153020
219988
644150
83893
6916
60370
26228
80323
10427
6000
79776
9840
3787
81577
6926
8926
81501
101730217
347744
389677
4547
84302
386617
643382
7074
54988
159963
60468
79158
23380
1121
10495
5275
27180
84440
26960
388523
54778
84206
525
80258
6450
9172
80201
9284
442388
440068
6647
8735
3190
6352
54069
8548
79705
51311
3355
132001
10376
1179
57489
23333
100527960
22872
79368
51631
94104
2204
8074
387911
1837
64783
9976
84101
81575
27340
60495
339327
9439
337968
219623
100128731
27133
7276
54879
23002
832
23087
2917
5780
440279
64577
64073
256297
1807
1811
5810
1767
79645
148362
27257
166378
3673
22808
203259
167465
92017
9039
80306
26212
117196
284612
136306
104
39
8995
54623
10128
55656
617
55888
401024
100289017
26009
150159
1287
5420
955
200150
440695
284257
729665
8490
6857
51091
5988
55821
7453
8731
8288
83737
7769
55729
4686
57171
91156
342865
53833
7520
55860
162515
57579
167227
54997
5013
7447
8671
6874
4849
343099
6676
3175
114805
56658
157657
5270
8331
7141
663
6229
23594
90338
140836
25791
2117
1612
725
504189
27244
3772
23450
341276
221710
203102
136991
57665
9025
253152
9910
100129842
58480
10765
57408
64425
494119
4008
144360
25994
118461
4143
1601
57560
1240
23541
27347
644168
3698
4153
100129543
4893
1826
5868
200959
4920
5150
793
122742
7029
8650
402135
5801
55746
285343
285550
140612
57448
8048
22854
9913
11021
2862
404734
5645
25957
192670
8554
56987
9410
23307
9197
211
81930
25831
441932
401399
719
51193
3551
29922
5554
9817
122664
55313
29104
54456
132949
79957
6754
83889
84128
57519
54674
51067
256710
157567
30010
54806
11010
7691
729
25981
132204
57205
57453
25929
8539
51744
94059
80063
5551
140862
80762
7050
148203
345079
51706
26574
130399
2562
23431
9329
57631
5500
54878
131601
55633
1050
10681
64850
84000
554251
9849
10056
1832
836
29993
8969
389090
200894
818
1060
50944
8521
9267
4500
56920
25906
55755
245972
22844
9881
79042
6928
84273
56967
51673
84935
27094
63976
1491
3586
9481
224
50943
200162
150864
5347
168002
728621
9781
23446
55544
2771
81611
91057
56107
441376
133308
33
353174
115752
115761
145282
27020
403341
23105
10803
144348
23239
51127
56886
81892
11162
3656
9321
5213
8692
133619
5091
143282
50615
219479
10730
64780
2152
342125
25834
375743
8337
55601
8496
55120
51108
219874
348094
137872
8620
10161
6310
7913
56113
22915
64863
9653
169522
4697
84103
340206
57528
5683
114991
9111
10447
4544
6507
64172
334
100533496
81570
100287226
10645
51522
93556
7766
133923
84172
121952
10901
55816
84107
125150
2863
5406
80031
5592
27069
3693
10499
56900
7694
7743
11006
117584
3918
744
990
8340
140459
10057
908
84920
27303
165679
28232
9863
6403
84795
50999
5136
27299
2339
9532
163782
10777
25851
79788
55201
65121
1611
999
23023
6157
375056
1808
93594
353189
283463
128822
390167
130132
8797
26140
10566
9791
27071
574537
80212
254428
392309
91807
776
55095
10178
59349
136242
1946
54514
51084
2647
7347
9683
5990
9075
2842
58527
4148
391059
4155
283755
2700
6602
126069
857
146059
8739
3169
399967
54853
341947
54664
57623
133686
4524
441089
113612
1824
283635
1015
284406
50836
54538
84187
80095
388567
219464
8621
55350
7813
2012
25850
695
2819
5898
55835
10491
6513
282775
441234
63915
117154
8500
79596
131034
169200
64241
84279
63939
79024
503835
283
50839
134728
5578
56101
10246
55027
51575
150681
389458
51068
126299
345757
6716
328
51075
64077
54841
6786
2662
116519
5862
5407
1839
640
114792
392360
23081
89970
58528
5317
100527978
10627
9962
647024
7718
57834
4810
344148
9648
9929
343069
124872
9419
2553
643236
10125
51112
27250
10610
2998
3612
57689
85444
92856
23328
6854
8029
134429
259295
55151
27286
22856
341883
120379
5335
51294
112744
256435
57556
1315
8624
444
645996
7571
26249
414194
25865
222255
4147
57697
2065
1740
9679
65005
6051
79345
388558
64784
4803
222696
8848
122953
134147
341019
121551
333926
7153
114885
112840
57544
80210
57118
6049
2625
55654
799
1838
9391
55289
126068
57720
151742
340654
8607
349565
6484
5518
9232
55170
64067
10659
8352
83698
843
85443
55010
64422
389073
121391
81579
55622
60487
83696
22806
22882
2880
150468
54556
166979
471
90826
3702
23423
79929
10396
60678
23072
51059
9132
83851
22803
22863
340706
23338
29927
9414
390038
483
643246
55607
79612
1212
51804
6288
1794
28998
345557
4774
170692
84970
6910
55281
337867
10242
131
112885
171024
122042
22927
7874
9555
11081
131544
401124
439996
131920
11062
390231
163859
8939
29979
8351
54896
6210
115584
55279
80854
85027
155435
2560
54504
10463
80005
10892
92241
54494
55039
8464
1910
6431
929
26578
27125
8170
10556
4741
64100
220158
143
84944
60558
10180
57381
144125
9278
23247
58499
8303
339479
219899
1004
27037
51077
2119
81494
83468
64922
10022
3476
57464
5232
9626
25843
7525
6672
9340
343
8886
50865
8940
55634
121536
57619
54522
57172
50939
80745
84437
10215
114609
59345
22837
129852
23648
387751
28513
8417
2908
3799
7166
84899
374860
643314
55776
57162
63035
386677
123872
93986
6887
131873
10068
344167
8905
7867
23619
5933
387804
157855
55800
4131
400713
139793
64927
100526837
399687
7010
64078
51167
100129583
3777
220108
10590
157769
128637
55612
282770
26508
83999
54989
3146
84812
6383
91452
53407
342892
57458
340784
6478
55733
9972
201232
6129
2743
5094
57705
93082
29967
283659
10157
9229
60485
220979
594857
26119
388701
6770
55282
399671
11011
54852
6095
57798
7097
60314
51227
388799
54575
953
94137
84294
7565
219790
1295
3321
89853
952
2547
342933
5193
2028
6382
2774
5903
390157
10014
5948
27166
342900
867
64089
89778
5968
8767
51606
84181
375
283162
467
23603
8916
123
4602
1798
5817
26297
11217
51592
79730
1185
23070
5872
594
55076
3484
4208
9572
81578
112495
221154
26509
10351
140469
2922
55510
286183
143662
137209
401288
54897
284371
388646
7272
152065
10049
1473
85235
80380
337969
2252
57690
10446
94134
84750
55125
2171
84133
7172
6348
28981
474354
50649
349152
1633
10371
170572
151056
11193
374864
115548
55971
90075
157869
64759
10622
4907
79157
1293
9312
23038
3752
7095
8358
255252
57728
5705
8499
55602
57600
51439
151050
346525
144809
653145
6469
51754
5208
649
3014
8833
5738
85413
80351
326624
4897
284040
643677
6620
7111
374393
157506
53637
341359
64754
118924
5074
1997
7128
5980
51444
6975
55188
51573
83401
83875
392636
152098
4018
8106
51645
219865
91147
55066
57634
4604
643905
120227
10418
128209
23236
22941
7090
57057
130013
5191
253782
23473
80336
79324
1062
10826
1164
4013
337971
388569
8562
54502
26224
387694
80264
23258
7401
54221
64062
84924
55909
731220
140807
6238
5137
161357
80117
23220
152519
148534
3442
50624
51163
55208
5649
9732
143686
9287
387104
26001
9031
7633
27123
2877
3336
94101
79781
64167
408
80204
221002
6456
10644
7594
8428
378884
361
91612
56936
84135
28996
9576
29103
9966
65986
2590
4293
25921
24145
4935
3062
56923
80224
54756
10817
1200
56649
2146
55699
6867
1103
84632
151963
80071
6662
7783
85301
283159
26092
9442
10265
89781
2122
170825
284390
128239
54766
6627
51199
8450
23500
121278
9728
220134
59338
171392
829
1380
2921
54832
26257
5529
51374
65977
646754
9245
114793
27131
161823
154810
10600
92140
493911
51660
5878
8897
8566
84706
219957
552889
100381270
84659
57628
10787
5707
4494
3203
258010
2064
54545
64429
158471
64772
10107
4922
3112
165904
83700
81796
93034
4702
196792
26259
404672
55004
8745
2555
145741
7248
2923
79752
3009
83660
54102
170850
64582
83607
6628
64921
54467
8454
8856
8367
13
83650
23310
904
653
1880
56136
8364
6530
51074
6120
137682
9495
84251
4618
221438
65059
93611
54346
8030
50514
129080
54033
93190
8572
1955
327657
23498
55332
84790
120224
100534612
219487
3739
51534
80817
255324
580
57863
552
713
1477
8467
84168
9459
4345
4085
1176
348645
53981
10563
100129792
5287
1038
50805
100144748
119765
160777
8825
51350
1213
84320
6527
55734
55293
5462
5634
1390
55827
5108
387332
56548
83699
10198
84961
1267
2115
26262
150353
1237
80055
7597
28969
80895
5393
1528
282809
858
8411
80114
64066
344658
23020
10455
143425
252995
81689
8431
6461
8910
84871
127933
11103
1195
8575
9844
203859
2200
22795
116159
84105
4499
51231
2888
5162
8480
8808
445815
84274
84236
9378
6698
55089
219409
81619
70
167410
147372
2042
55714
81853
79048
51021
54829
22874
10806
122961
55631
2149
441061
8128
25948
49854
54918
23007
344561
56980
122830
1027
157378
8091
59351
6152
260425
4343
2266
11325
94033
79698
10169
2530
100533952
127124
51234
84991
79870
390155
23376
109731405
63917
5015
91937
147645
3448
23536
356
124149
4603
51324
79627
256979
3645
50485
2747
26037
286827
196264
100499483
253714
3200
4254
196951
79056
5082
57708
1437
10317
399949
84106
202151
7381
359
11200
154007
9877
8527
23001
90523
80070
90362
55203
23080
83551
11211
7873
6392
9406
4115
10841
1268
4609
91584
150684
79811
57674
79695
98
345930
83857
222663
10899
4644
5742
219858
246213
1999
89886
10301
116150
51018
7223
387707
4114
4134
1417
79862
9550
3709
53405
23046
171483
9568
348995
84811
1499
11163
81624
800
9657
79109
7053
23158
119764
54931
56479
51058
11093
55572
65080
340554
23028
317662
144193
25782
8821
8036
9499
6881
146223
7398
10943
6585
283197
55357
7711
8295
2669
11123
4070
286187
2961
54602
128153
6538
65062
145264
283450
4763
51306
51093
26051
145581
2660
25758
79074
2619
84433
8369
388272
93233
154288
5991
89944
84515
57678
1114
158431
1524
80896
285440
4815
6262
337882
23274
427
283982
23365
23150
84966
55744
11249
83715
23566
10579
79295
2188
112399
5689
646658
91582
6870
140838
57128
28982
653308
8968
221079
23107
390892
112401
9166
79807
631
221391
57646
10692
6785
