orig	shuff
tot	5423	72.8379125945049
nonNA	98.9489212612945	72.5428729485525
1	31	1232.25806451613
2	39	1158.97435897436
3	56	803.571428571429
4	63	685.714285714286
5	82	452.439024390244
6	87	379.310344827586
7	119	244.53781512605
8	164	138.414634146341
9	199	107.035175879397
10	237	77.6371308016878
11	319	45.7680250783699
12	387	28.1653746770026
13	478	17.3640167364017
14	573	15.7068062827225
15	547	9.14076782449726
16	547	6.58135283363803
17	513	7.01754385964912
18	439	4.78359908883827
19	282	7.09219858156028
20	148	4.72972972972973
21	56	7.14285714285714
