orig	shuff
tot	65825	89.2199012533232
nonNA	99.3102924420813	88.8249145461451
1	850	389.529411764706
2	1094	380.164533820841
3	1507	335.965494359655
4	1987	274.484146955209
5	2413	233.899709904683
6	3066	176.908023483366
7	3856	131.587136929461
8	4622	97.3604500216357
9	5436	75.9749816041207
10	6021	57.7810994851354
11	6337	46.488874861922
12	6272	37.7869897959184
13	5932	30.310182063385
14	5218	27.8650824070525
15	4131	27.9835390946502
16	3053	30.1015394693744
17	1869	36.490101658641
18	1042	44.721689059501
19	482	60.5809128630705
20	143	82.5174825174825
21	40	75
