orig	shuff
tot	3402829	90.8020356003784
nonNA	99.2982897465609	90.4214699004857
1	30634	527.113664555722
2	37735	571.024248045581
3	49812	514.498514414197
4	64815	433.362647535293
5	83143	348.592184549511
6	106186	266.233778464204
7	134246	197.672183901196
8	166062	145.718466596813
9	201710	106.799365425611
10	238040	78.3536380440262
11	273767	57.1664955966205
12	302448	42.5081336295826
13	320027	32.2747768157062
14	318774	25.2627253163683
15	300984	21.2087685724158
16	259950	18.7062896710906
17	205494	18.1898254936884
18	144280	18.9790684779595
19	86949	21.7242291458211
20	41400	27.0772946859903
21	12495	37.9271708683473
