orig	shuff
tot	112861349	91.2188777754198
nonNA	99.3611816566183	90.6468998523135
1	19424947	88.3475100343903
2	19088489	90.5712076005597
3	16309597	92.0957335733066
4	13099142	92.5631617704427
5	10318564	92.1544606400658
6	8112922	91.6693393576322
7	6384236	91.3187263127491
8	5000333	91.4097121131733
9	3868485	91.7281312968772
10	2946732	92.0437963140184
11	2212465	92.5635433780873
12	1636526	93.0998346497397
13	1197648	93.7409823253577
14	864173	94.3753160536143
15	619767	94.8370920039305
16	430283	95.2624203140724
17	288545	95.368486717843
18	179464	95.249743681184
19	99684	94.5437582761526
20	45121	93.3268322953835
21	13247	91.9453461161018
