orig	shuff
tot	67770	92.1513944223108
nonNA	99.2858196842261	91.7352810978309
1	359	881.615598885794
2	410	1035.36585365854
3	524	954.198473282443
4	688	801.598837209302
5	823	692.223572296476
6	1079	522.984244670992
7	1406	375.817923186344
8	1855	263.180592991914
9	2267	196.823996471107
10	2849	139.59283959284
11	3738	85.3932584269663
12	4644	58.2687338501292
13	5592	40.0751072961373
14	6588	25.986642380085
15	7118	18.389997190222
16	7384	14.2470205850488
17	6859	10.8908004082228
18	5791	9.37661889138318
19	4120	9.32038834951456
20	2300	11.9565217391304
21	892	15.4708520179372
