min	max	mean
All	80000	28960000	1221720.78873833
Co	120000	24040000	1249064.94702902
Hi	80000	24560000	1242072.4438331
Lu	80000	24080000	1211794.18344519
LV	80000	21360000	1316128.40466926
RV	80000	21240000	1314466.01941748
Ao	120000	21320000	1340148.44136566
PM	120000	22120000	1233021.35393003
Pa	80000	25280000	1244963.23529412
Sp	80000	21840000	1170934.25605536
Li	120000	24040000	1199324.14406403
SB	80000	24080000	1249171.27071823
AG	80000	28960000	1271397.64705882
Ov	80000	24040000	1267837.45913125
Bl	80000	21320000	1271585.88235294
MesC	80000	24120000	1102540.71661238
MSC	80000	21720000	1194459.63828849
NPC	80000	23560000	1151252.65392781
TLC	80000	22800000	1123681.5920398
ESC	80000	24080000	1091052.84388866
FC	80000	22480000	1226394.92753623
LC	80000	25120000	1184844.50284713
