orig	shuff
tot	112861349	91.2188777754198
nonNA	23.6613492897378	21.5999261181966
1	4194518	89.0780299428921
2	4274011	90.9807204520531
3	3763626	92.3049474097586
4	3099590	92.6721598663049
5	2494346	92.0553122942847
6	2002531	91.4596578030502
7	1611911	91.1255025866813
8	1291937	90.6660309287527
9	1022032	90.8179978709082
10	794975	91.0183339098714
11	609351	91.3967483437296
12	456935	91.7804501734382
13	340196	92.2956178203153
14	247860	92.6430242879045
15	180552	93.0402321768798
16	127089	93.6446112566784
17	86769	93.8146112090724
18	55285	93.4231708420005
19	31559	92.759593143002
20	14812	91.5271401566298
21	4633	89.0351823872221
