i	j	FC	Cp
202	254	2	19
460	561	2	19
494	575	1	20
514	591	2	19
517	590	1	20
535	600	2	20
585	691	2	19
589	647	2	19
710	764	1	20
715	770	1	19
739	812	1	19
820	901	2	19
875	936	2	19
949	1001	2	19
963	1024	2	19
1083	1146	2	19
1218	1298	2	20
1351	1448	2	19
1352	1458	1	19
1356	1470	1	19
1359	1430	2	19
1383	1436	1	19
1387	1438	2	19
1389	1444	2	19
1397	1544	1	19
1411	1513	2	19
1429	1548	2	19
1484	1543	1	19
1620	1710	2	19
1622	1711	2	19
1630	1696	1	19
1655	1712	2	20
1674	1728	2	19
1677	1733	2	19
1756	1812	1	19
1756	1887	1	19
1815	2275	2	19
1818	1979	2	20
1839	1914	2	19
1844	1909	2	19
1877	1950	2	20
1883	1974	2	19
1890	1995	2	19
1890	2013	2	19
1893	1944	2	21
1895	1948	2	20
1895	1970	2	20
1896	1967	2	19
1968	2168	2	19
1970	2086	1	19
1977	2168	2	19
2001	2147	1	19
2016	2147	2	19
2025	2145	2	20
2025	2165	2	19
2028	2134	2	19
2046	2147	1	19
2048	2145	1	19
2052	2151	1	20
2063	2140	2	19
2065	2145	2	19
2065	2150	1	20
2066	2191	2	19
2075	2150	1	19
2079	2147	2	19
2082	2154	2	19
2086	2160	1	19
2088	2159	2	19
2089	2153	2	20
2090	2147	2	19
2105	2160	2	19
2143	2276	2	19
2146	2224	1	19
2146	2229	2	19
2147	2240	2	19
2150	2240	2	19
2151	2209	2	19
2162	2218	2	19
2164	2270	1	19
2176	2462	2	19
2176	2536	2	19
2184	2243	2	19
2240	2536	1	19
2241	2386	1	19
2242	2339	2	20
2243	2307	2	20
2261	2341	2	20
2271	2324	2	19
2275	2335	2	19
2279	2365	1	20
2288	2351	1	19
2367	2499	1	19
2376	2444	2	19
2429	2504	1	19
2445	2557	2	19
2463	2550	2	20
2466	2558	2	19
2467	2560	1	19
2497	2568	1	19
2581	2665	2	19
2751	2925	1	19
2817	2896	2	19
2927	3627	2	19
2932	3628	1	19
2981	3627	2	19
3622	3684	2	19
3622	3685	2	20
3623	3681	2	19
3626	3681	2	20
3626	4001	2	19
3627	3683	2	20
3627	3824	2	19
3849	3907	1	19
3858	3913	2	19
4049	4184	2	19
4064	4134	2	19
4066	4127	2	19
4068	4126	1	19
4074	4137	1	20
4193	4244	2	19
4258	4327	2	20
4279	4337	2	19
4294	4384	1	19
4312	4373	2	19
4319	4385	2	20
4319	4388	2	20
4321	4383	2	19
4323	4382	1	19
4323	4388	1	19
4326	4382	2	19
4328	4384	2	19
4328	4391	1	19
4330	4389	2	20
4330	4395	2	20
4330	4417	2	19
4379	4472	2	19
4383	4468	2	19
4495	4657	2	19
4498	4557	2	19
4502	4556	1	19
4526	4597	2	19
4535	4606	2	19
4581	4655	2	19
4601	4660	2	19
4802	4866	2	19
4899	4952	1	19
4983	5377	2	19
4994	5232	2	20
5044	5209	1	19
5046	5117	1	19
5067	5146	2	19
5068	5121	2	19
5070	5181	1	19
5073	5134	2	20
5074	5140	2	19
5243	5373	1	19
5244	5369	1	19
5265	5318	2	19
5273	5414	2	19
5276	5403	1	20
5278	5379	1	19
5333	6106	2	19
5346	5401	1	19
5374	5454	1	20
5379	5502	1	19
5379	5997	1	19
5419	5563	2	19
5426	5482	2	20
5451	5559	1	19
5456	5528	2	19
5457	5549	1	19
5557	5624	1	20
5563	5628	1	21
5683	5761	1	19
5691	5770	1	19
5724	5790	2	20
5956	6011	1	19
6013	6067	2	19
6060	6157	2	19
6066	6159	2	19
