i	j	FC	Cp
3	56	4	17
17	2020	3	18
24	195	5	17
25	2013	3	17
36	99	4	17
36	119	5	17
36	201	1	17
37	106	5	19
40	111	9	17
41	97	8	17
42	99	3	19
43	97	6	17
43	99	11	17
43	104	5	18
43	105	9	17
43	111	4	17
43	188	3	18
43	201	5	17
45	97	13	18
45	98	6	18
45	99	11	19
45	100	9	17
45	104	10	19
45	105	11	17
45	112	4	18
45	122	10	19
46	104	8	19
50	102	11	20
50	104	10	17
50	106	4	18
50	109	7	17
50	111	9	17
50	112	4	17
51	104	1	19
52	104	18	18
52	105	3	19
52	106	16	18
52	109	5	18
52	111	3	18
52	133	6	17
53	104	9	17
55	109	6	17
56	131	9	17
57	111	9	17
57	117	3	18
57	119	9	17
57	122	13	18
57	133	6	17
58	111	7	18
58	122	14	18
58	134	8	18
58	188	5	17
60	111	19	18
60	112	19	19
60	114	5	19
60	122	6	19
60	124	12	18
60	132	7	18
60	134	11	17
60	170	7	17
63	132	7	18
63	133	13	18
63	135	5	17
63	196	10	17
64	126	15	17
67	151	4	18
75	139	5	17
76	143	20	18
76	150	14	17
76	153	18	17
76	154	13	18
76	171	4	18
77	154	10	17
81	140	17	18
82	143	11	17
82	154	6	17
83	143	14	18
83	145	8	17
83	156	16	17
83	169	17	17
85	136	8	17
86	144	18	17
86	151	6	17
86	156	16	18
86	161	16	17
87	140	14	17
99	171	6	17
100	163	5	17
103	163	9	17
103	177	7	17
103	190	8	17
104	163	1	17
104	174	2	17
104	185	10	17
104	201	9	17
105	167	8	17
106	161	4	17
106	196	9	18
111	185	15	17
111	187	6	17
117	170	7	17
118	179	10	17
119	185	7	17
122	174	14	19
122	176	11	19
122	179	14	18
122	181	18	18
122	183	13	18
122	185	7	18
122	187	9	17
122	201	9	17
123	174	8	18
124	177	11	17
124	187	12	17
126	178	8	18
126	181	9	19
126	195	10	17
130	183	9	17
130	208	8	17
131	201	11	19
133	206	12	18
134	190	9	17
134	206	16	17
135	208	11	18
135	214	5	18
138	226	4	17
138	245	17	17
139	219	8	17
140	192	1	17
140	241	20	18
140	244	12	17
140	286	11	17
143	201	7	17
143	256	17	17
143	274	20	17
143	294	11	17
143	327	3	17
143	800	2	17
144	241	10	17
147	241	14	17
147	242	7	17
151	217	12	18
153	217	8	18
154	244	13	18
156	212	15	18
156	238	15	18
156	261	13	17
156	274	17	17
161	217	12	17
163	237	7	19
164	217	8	17
164	219	16	18
165	217	13	17
165	222	10	17
167	219	13	17
170	241	16	17
177	240	1	18
201	448	10	17
208	381	2	17
211	301	7	17
212	263	15	17
217	280	15	18
217	420	1	17
219	292	18	17
219	294	19	17
221	300	7	17
221	303	7	17
221	374	6	17
222	273	20	17
222	278	10	18
225	296	14	18
225	301	16	18
225	310	9	17
225	317	13	17
225	342	9	17
232	284	9	17
232	290	10	17
235	311	3	17
236	296	9	17
237	298	20	18
237	300	13	17
238	299	7	17
238	318	12	17
238	325	13	17
238	334	5	19
238	369	10	17
239	291	16	17
240	295	20	18
240	299	13	18
240	307	9	17
240	313	6	17
240	317	5	17
240	318	12	18
240	322	16	18
240	324	11	19
240	340	4	18
240	531	15	18
241	302	12	18
241	303	10	17
241	305	5	18
241	306	3	19
241	308	8	17
241	309	11	18
241	310	10	17
241	311	5	17
241	313	7	19
241	316	6	19
241	317	11	17
241	321	13	18
241	334	13	18
241	335	7	17
241	336	6	17
241	339	10	19
241	347	8	18
241	348	2	18
241	366	7	18
241	370	9	17
241	384	7	18
241	531	20	17
242	298	13	19
242	307	12	17
242	318	7	19
242	336	7	17
243	299	3	19
244	301	13	18
244	302	9	17
244	307	9	19
244	309	12	17
244	310	13	20
244	311	13	18
244	321	8	17
244	322	13	17
244	324	16	18
244	325	15	20
244	327	13	17
244	328	16	17
244	330	11	17
244	339	7	17
244	340	13	18
244	343	8	18
244	364	10	19
244	370	10	18
244	377	15	17
245	299	16	18
245	300	15	17
245	301	20	19
245	302	11	17
245	303	16	17
245	309	16	17
245	310	9	19
245	311	9	17
245	313	16	17
245	314	4	18
245	316	14	17
245	317	14	18
245	325	13	17
245	330	13	18
245	331	11	19
245	335	3	17
245	345	8	19
245	348	5	18
245	349	8	17
245	367	9	17
245	369	2	18
245	370	7	19
246	299	13	17
246	303	12	18
246	307	6	17
246	313	6	17
246	324	10	17
246	339	2	17
246	382	3	17
247	301	9	17
247	330	11	17
248	318	9	17
248	324	5	17
248	343	6	18
248	384	11	17
249	300	15	18
249	313	16	17
249	318	12	17
249	320	3	17
249	325	17	19
249	334	14	17
249	336	4	17
249	345	11	18
249	355	11	17
249	362	9	20
249	375	6	17
250	307	14	17
250	364	4	17
252	303	13	17
252	318	8	17
252	322	15	19
252	344	8	17
253	315	12	17
254	318	17	17
255	306	8	17
255	307	13	19
255	309	6	19
255	310	15	17
255	313	16	20
255	314	13	18
255	316	13	17
255	317	11	19
255	318	18	20
255	324	12	18
255	325	12	18
255	331	5	18
255	333	8	17
255	336	13	19
255	337	11	17
255	339	11	18
255	340	7	18
255	343	12	17
255	344	10	18
255	347	11	18
255	355	8	17
255	358	10	18
255	359	1	17
255	362	16	17
255	364	10	17
255	369	5	20
255	370	4	18
255	375	17	17
255	381	9	17
255	384	9	19
255	398	5	17
256	307	13	18
256	308	13	17
256	309	9	17
256	310	19	18
256	312	8	18
256	315	19	17
256	318	17	18
256	330	11	18
256	332	10	17
256	335	7	18
256	336	8	20
256	340	8	18
256	341	10	17
256	344	18	18
256	348	4	17
256	352	7	17
256	358	11	17
256	362	11	17
256	366	7	19
256	369	3	17
256	373	13	18
256	381	2	19
256	522	6	17
257	308	3	17
257	310	7	18
257	311	13	18
257	317	11	17
257	324	9	20
257	325	10	19
257	341	6	17
257	366	11	18
258	310	11	18
258	312	5	17
258	313	11	18
258	324	9	18
258	325	10	17
258	334	5	18
258	340	6	17
258	342	11	17
258	361	6	17
258	362	13	18
258	366	8	17
259	310	13	18
259	311	13	17
259	313	7	17
259	316	10	17
259	317	18	18
259	322	15	19
259	325	7	19
259	327	8	17
259	328	15	18
259	329	13	17
259	330	19	18
259	331	7	18
259	333	5	18
259	337	9	18
259	345	9	17
259	347	11	17
259	364	8	19
259	366	16	18
259	370	8	19
259	381	6	17
260	313	11	19
260	318	14	18
260	322	20	17
260	342	6	17
260	347	6	17
260	362	5	18
260	377	11	17
261	312	9	18
261	313	5	19
261	315	10	17
261	317	19	18
261	320	16	17
261	322	15	18
261	327	10	18
261	328	8	17
261	335	1	17
261	340	13	18
261	344	4	17
261	345	8	17
261	375	15	18
261	377	6	17
263	314	9	17
263	317	18	17
263	318	17	17
263	325	7	17
263	327	5	17
263	330	10	17
263	336	6	17
263	344	8	17
263	362	12	18
263	370	10	17
264	318	17	20
264	324	16	17
264	327	14	17
264	328	9	18
264	329	8	19
264	344	4	18
264	349	5	19
264	366	9	17
264	370	6	17
264	372	10	17
265	318	19	18
265	331	4	17
265	348	6	18
265	350	12	19
265	366	5	18
267	319	20	18
267	320	17	19
267	324	18	20
267	325	17	18
267	329	17	17
267	331	12	19
267	340	11	17
267	344	9	18
267	348	18	17
267	351	10	18
267	361	4	17
267	366	16	17
267	384	5	19
268	325	10	18
268	328	8	19
268	344	11	17
270	325	13	17
270	327	10	19
270	331	14	17
270	335	7	18
270	339	7	18
270	367	7	19
273	325	19	20
273	326	6	17
273	327	20	18
273	328	2	17
273	329	16	17
273	330	1	18
273	336	4	18
273	344	11	17
273	369	4	17
273	373	10	17
274	326	4	19
274	328	17	19
274	329	11	19
274	330	15	18
274	331	17	20
274	332	14	18
274	333	7	18
274	334	13	19
274	335	7	19
274	336	10	18
274	337	13	17
274	339	13	19
274	340	19	20
274	342	16	18
274	343	3	18
274	345	11	19
274	346	18	20
274	347	16	19
274	348	15	18
274	351	13	17
274	352	4	17
274	358	16	17
274	361	12	20
274	362	11	17
274	364	12	18
274	366	20	17
274	367	16	18
274	369	11	20
274	370	10	20
274	372	18	18
274	373	16	19
274	374	15	19
274	375	18	20
274	377	17	18
274	379	8	18
275	327	10	18
275	328	18	17
275	329	18	17
275	334	8	17
275	347	12	18
275	364	7	18
275	370	8	17
275	377	10	17
276	330	14	17
276	333	6	17
276	335	10	17
276	337	8	17
276	361	10	17
276	362	15	18
276	366	10	17
276	370	4	18
276	378	9	17
277	328	20	18
277	330	18	18
277	331	5	17
277	334	5	17
277	335	11	18
277	338	5	17
277	339	8	17
277	340	10	17
277	342	15	17
277	344	12	17
277	358	8	18
277	361	19	19
277	364	10	18
277	366	12	20
277	367	4	17
277	369	6	17
277	370	17	20
277	372	20	17
277	377	9	18
277	381	6	19
278	331	11	17
278	343	6	17
278	344	6	18
278	361	12	17
278	370	3	19
279	331	10	17
279	335	4	17
279	337	4	17
279	340	4	17
279	345	7	18
279	366	6	19
280	331	7	20
280	333	3	17
280	334	7	19
280	335	13	18
280	336	8	19
280	338	7	17
280	339	6	17
280	340	10	19
280	342	19	18
280	344	11	18
280	346	9	19
280	347	10	18
280	358	10	17
280	366	7	17
280	369	13	18
280	377	16	18
280	378	9	17
281	334	5	17
281	369	1	17
282	333	7	17
282	335	4	17
282	336	9	19
282	337	2	17
282	338	4	17
282	342	19	18
282	344	20	19
282	345	4	19
282	348	6	17
282	351	9	17
282	354	8	17
282	358	18	18
282	360	7	18
282	361	6	18
282	362	13	19
282	364	20	19
282	366	10	17
282	367	18	17
282	372	9	17
282	375	20	17
282	531	15	17
283	336	9	17
283	337	4	18
283	366	8	17
284	335	9	19
284	336	11	19
284	337	4	17
284	338	2	18
284	339	8	18
284	340	12	19
284	341	9	18
284	342	8	17
284	344	13	17
284	345	16	18
284	348	10	19
284	349	10	17
284	360	3	19
284	361	11	17
284	362	11	17
284	364	12	19
284	366	17	18
284	367	8	17
284	369	4	18
284	370	19	17
284	371	8	18
284	375	20	17
284	378	10	17
284	550	19	17
284	556	20	17
285	336	2	19
285	339	9	17
285	340	13	19
285	364	18	17
285	367	9	17
285	370	15	17
285	373	6	18
286	339	14	17
286	340	7	17
286	343	3	18
286	362	8	19
286	367	5	18
286	370	8	17
286	375	7	17
286	377	9	18
287	338	2	18
287	339	16	17
287	340	16	18
287	342	16	17
287	345	9	18
287	346	13	18
287	347	4	17
287	348	17	17
287	350	13	17
287	354	4	17
287	358	14	18
287	359	2	18
287	361	18	17
287	364	9	17
287	366	14	19
287	367	13	17
287	369	10	19
287	370	8	19
287	371	17	17
287	373	15	19
287	378	7	17
287	791	3	17
288	339	14	17
288	340	16	18
288	344	14	19
288	347	14	17
288	349	6	18
288	355	13	17
288	364	11	17
288	367	12	17
288	369	9	18
288	377	19	17
288	385	4	17
290	342	20	18
290	344	16	17
290	346	10	17
290	347	14	19
290	354	7	18
290	356	8	18
290	361	16	17
290	362	10	18
290	364	16	19
290	366	10	19
290	370	9	18
290	371	5	18
290	377	5	17
291	344	16	17
291	345	18	17
291	346	10	17
291	347	14	17
291	356	1	17
291	362	13	17
291	366	17	17
291	367	16	17
291	369	12	19
291	370	16	17
291	373	16	19
291	374	6	18
292	347	14	20
292	348	11	20
292	349	17	17
292	358	11	17
292	366	13	19
292	367	19	17
292	370	8	18
292	373	10	18
292	375	16	17
293	345	9	20
293	347	12	17
293	362	9	17
293	364	12	18
293	366	15	20
293	369	10	18
293	373	13	17
293	375	10	17
293	377	12	17
294	345	11	18
294	346	14	17
294	348	7	17
294	350	6	17
294	358	10	18
294	362	20	18
294	364	17	19
294	366	14	17
294	371	7	17
294	384	4	17
294	534	12	18
295	347	5	19
295	366	13	17
295	373	5	18
295	381	9	18
296	348	10	17
296	350	15	18
296	355	13	19
296	361	14	18
296	362	9	18
296	366	9	17
296	367	12	18
296	370	5	20
296	373	14	17
296	375	12	18
297	361	11	17
297	367	15	17
297	368	11	17
297	378	10	17
297	381	8	17
298	349	15	19
298	350	15	18
298	354	13	17
298	355	9	18
298	356	6	18
298	358	17	17
298	370	13	17
298	371	15	17
298	373	15	17
298	378	18	19
298	379	20	17
298	382	13	17
298	384	14	18
298	385	13	18
298	522	11	17
299	351	13	17
299	362	6	17
299	373	4	17
299	377	16	19
299	397	12	17
300	356	11	18
300	369	13	17
300	375	8	18
300	378	8	17
300	383	20	18
300	385	11	20
300	397	7	17
300	399	3	17
301	354	14	17
301	355	18	19
301	358	8	18
301	369	19	17
301	375	18	18
301	377	19	17
301	379	14	17
301	381	16	19
301	384	10	17
301	385	14	17
302	364	14	18
302	370	17	17
302	373	17	17
302	377	16	17
302	378	12	18
303	357	13	17
303	358	17	20
303	361	9	20
303	362	17	20
303	369	20	17
303	372	18	17
303	378	9	18
303	381	15	17
303	383	9	17
303	384	18	17
305	364	17	18
305	366	19	17
305	367	10	17
305	377	12	19
306	361	8	17
306	366	17	17
306	369	12	17
306	370	16	17
306	371	11	17
306	373	6	19
306	375	12	17
306	377	18	18
306	381	16	18
307	361	14	17
307	364	10	19
307	366	16	18
307	367	16	19
307	368	11	17
307	370	20	19
307	371	19	17
307	372	20	19
307	373	18	17
307	377	16	17
307	378	13	17
307	381	14	18
307	382	15	17
308	359	14	17
308	361	17	18
308	362	11	19
308	364	11	20
308	367	13	19
308	371	12	18
308	372	15	19
308	375	16	18
308	377	19	18
309	360	8	17
309	361	15	18
309	362	7	19
309	364	9	17
309	366	16	19
309	367	16	18
309	368	8	18
309	369	17	17
309	370	9	20
309	371	11	17
309	373	4	18
310	362	18	18
310	364	19	19
310	376	16	17
310	377	17	19
310	378	12	17
310	553	1	18
311	362	14	17
311	363	3	17
311	364	17	18
311	370	19	19
311	371	12	17
311	372	14	17
311	374	9	17
311	375	14	17
311	382	16	17
312	367	9	18
312	369	14	19
312	371	10	17
312	377	14	19
312	383	12	17
312	385	10	18
313	365	10	17
313	370	18	18
313	371	17	18
313	373	14	17
313	375	14	17
313	383	9	17
314	367	12	17
314	369	8	18
314	370	15	20
315	371	10	19
315	373	13	18
315	374	8	17
315	377	17	18
316	370	18	19
316	373	6	17
316	377	14	19
316	399	10	17
317	373	16	18
317	374	16	17
317	378	18	17
317	380	10	18
317	381	18	17
317	384	19	17
317	385	20	17
317	531	12	18
318	376	14	17
318	379	19	17
318	381	17	18
318	384	8	18
318	385	13	17
318	392	9	17
318	398	8	18
318	399	14	17
318	531	11	18
319	371	14	19
319	372	19	20
319	373	19	17
319	374	20	17
319	377	13	19
319	381	7	17
319	384	9	17
320	379	15	18
320	381	10	17
320	384	8	18
321	382	6	17
322	376	12	17
322	381	9	19
322	382	8	17
322	383	5	18
322	384	17	20
322	394	5	17
322	397	6	18
322	400	1	17
323	378	9	17
323	381	18	17
323	384	14	18
323	398	2	17
324	380	17	18
324	383	15	19
324	384	17	19
324	385	17	18
324	390	10	18
324	396	6	17
324	398	3	19
324	525	3	17
324	647	2	17
325	381	16	19
325	382	11	17
325	384	19	19
325	396	3	17
326	384	14	19
327	380	11	17
327	381	17	17
327	383	7	19
328	379	19	17
328	380	5	17
328	381	11	17
328	384	12	17
328	397	4	18
328	543	12	17
329	381	18	19
329	385	12	18
330	533	2	17
330	549	13	17
331	383	17	17
331	385	10	19
331	386	11	17
331	397	3	17
331	398	6	17
332	399	16	17
334	414	12	17
335	391	11	17
337	396	15	18
337	397	20	17
337	399	14	17
338	397	17	18
339	390	3	18
339	391	11	17
340	392	14	17
340	394	5	17
341	397	9	18
342	396	5	17
342	399	10	18
342	534	8	17
344	397	4	17
345	397	9	17
346	531	8	17
351	425	5	17
364	556	5	17
369	557	19	18
377	514	12	17
381	533	6	17
384	440	13	17
384	503	8	17
384	524	9	17
384	525	16	17
393	513	7	17
393	514	10	19
394	515	4	17
397	448	9	17
397	449	4	17
397	521	1	17
398	449	4	18
398	450	7	17
399	450	13	17
399	454	7	18
399	470	12	18
399	481	9	17
399	490	4	17
399	493	10	17
399	494	4	17
403	454	5	17
403	484	1	18
411	484	7	17
412	472	9	17
412	480	7	18
412	488	5	18
412	490	18	17
413	473	4	17
414	493	5	17
421	472	3	17
421	523	8	17
422	490	16	17
424	489	5	19
425	481	12	17
425	493	13	17
428	484	10	18
428	489	7	18
428	493	5	17
429	490	5	17
429	493	14	17
429	504	7	17
430	489	6	17
434	490	13	19
434	493	6	18
435	490	3	17
440	502	7	17
446	522	6	17
448	504	6	17
490	647	5	18
504	647	6	17
522	656	2	17
523	641	4	17
523	656	4	18
525	647	14	19
530	641	7	19
531	633	9	18
531	635	14	17
531	657	6	18
532	633	16	18
532	647	6	17
532	654	4	17
533	635	5	18
533	637	7	17
533	638	8	18
533	647	7	17
533	648	5	17
534	640	7	17
534	647	13	18
534	653	2	17
537	640	6	18
538	654	4	17
543	634	13	18
543	635	6	17
543	1313	6	17
545	633	9	17
549	634	10	17
550	634	11	17
556	634	8	17
556	636	14	18
557	1748	5	17
635	793	8	17
640	791	18	17
641	851	2	17
646	782	4	17
647	1374	4	18
648	847	12	17
649	791	18	17
651	804	17	17
654	708	2	17
654	751	2	17
654	814	11	17
656	751	5	17
656	836	12	19
656	1227	7	17
657	782	17	18
659	782	12	17
662	753	1	18
662	778	5	17
663	1339	3	17
668	722	4	17
671	722	2	18
671	743	6	17
675	749	8	17
675	959	4	18
678	756	5	17
681	736	8	17
682	745	6	17
682	756	10	17
682	768	11	17
682	769	1	18
683	743	5	17
684	735	8	17
684	736	16	17
684	738	16	19
684	740	16	19
684	745	10	17
684	748	19	18
684	754	8	19
684	756	12	17
685	741	9	17
685	756	6	17
686	745	10	17
686	751	12	19
687	756	8	18
688	743	5	17
688	749	13	17
690	742	12	18
690	743	12	19
690	748	13	19
690	750	8	17
690	751	2	18
690	753	7	17
690	756	12	17
691	743	3	18
691	751	9	17
692	748	13	17
692	751	7	18
695	750	10	17
696	751	9	18
697	748	8	17
697	749	9	17
697	751	18	17
697	753	9	17
697	754	2	19
697	756	12	19
697	764	4	20
700	753	4	20
700	756	14	19
700	757	6	19
701	752	14	18
701	756	9	19
701	770	3	18
702	754	10	19
702	756	20	19
702	766	5	17
703	754	11	17
704	756	19	20
705	756	8	18
707	764	2	17
709	762	5	17
710	762	2	17
710	766	1	18
710	772	5	17
711	772	3	17
717	772	3	17
717	782	1	18
721	772	2	17
722	777	2	17
722	833	3	17
738	849	6	17
741	804	3	17
750	804	4	17
750	819	1	17
750	857	1	18
751	808	1	17
751	881	1	19
751	889	7	17
751	896	7	17
752	876	2	17
753	897	7	17
756	852	2	18
756	872	2	17
762	853	2	17
765	889	8	18
768	848	12	19
768	849	11	18
768	887	4	17
768	1232	6	17
769	852	12	18
769	854	10	17
770	821	10	17
770	833	19	18
770	836	20	18
770	847	15	17
770	853	9	19
771	836	7	17
772	825	19	19
772	830	18	18
772	833	12	17
772	835	5	17
772	837	16	17
772	840	15	17
772	841	14	19
772	842	20	19
772	846	14	17
772	851	18	18
772	858	19	17
772	859	16	19
772	872	19	17
772	889	17	18
772	890	5	17
773	857	7	17
774	837	11	18
774	840	15	18
774	847	16	17
774	851	9	17
775	827	4	17
775	828	14	17
776	833	3	17
777	831	13	18
777	836	10	18
777	842	11	18
777	852	11	17
777	855	16	17
777	859	20	17
778	840	15	18
778	841	11	18
778	850	14	19
778	853	12	18
779	835	7	18
779	839	12	18
779	844	19	18
779	846	16	17
779	848	14	17
779	851	11	17
779	852	17	18
779	853	11	17
779	854	11	17
779	855	20	19
779	897	2	18
780	836	9	18
780	838	15	17
780	839	18	17
780	841	20	17
780	877	6	17
781	836	14	18
781	847	9	17
781	857	10	18
781	858	7	17
782	839	18	17
782	840	14	20
782	841	18	18
782	846	11	17
782	848	20	19
782	852	15	17
782	857	16	17
782	860	19	18
782	881	8	19
782	886	7	17
782	888	11	18
782	889	16	21
782	891	2	18
782	892	8	17
782	896	4	18
783	838	6	17
783	888	3	17
784	851	9	18
784	889	2	17
785	836	9	18
785	847	11	18
785	858	13	17
786	837	17	18
786	846	12	17
786	847	18	19
786	857	18	18
786	859	15	17
786	860	20	18
787	848	10	17
787	850	8	17
787	852	10	17
787	855	9	17
787	858	6	19
787	860	13	17
788	841	13	17
788	845	11	18
788	846	5	17
788	848	10	17
788	849	12	19
788	850	19	17
788	851	13	18
788	854	15	18
788	1239	11	17
789	841	14	17
789	847	20	17
789	877	10	17
790	847	20	17
791	850	18	17
791	854	17	18
791	857	13	17
791	860	15	18
791	876	7	17
791	886	11	17
791	889	18	17
791	903	5	17
791	973	3	17
791	1347	8	17
791	1772	2	17
792	847	18	17
792	851	5	17
792	855	13	17
792	859	11	17
792	881	18	19
793	847	15	18
794	857	10	17
794	858	15	17
794	860	15	17
794	877	6	17
795	847	20	17
795	857	13	18
795	858	16	18
795	881	9	17
796	855	14	20
796	859	10	18
796	861	8	18
797	850	15	17
797	857	19	19
797	858	15	18
797	859	18	17
797	861	15	19
798	849	6	18
798	850	11	18
798	852	13	17
798	853	12	17
798	855	15	18
798	859	14	19
798	862	14	19
798	872	8	20
798	877	10	17
798	880	7	18
798	881	7	17
798	889	13	17
798	903	1	18
799	850	5	20
799	851	3	17
799	857	19	18
799	877	15	17
800	855	16	21
800	872	11	17
800	881	8	19
801	857	14	18
801	858	16	17
801	860	15	19
802	855	14	19
802	858	19	17
802	860	12	17
802	861	14	17
802	881	11	18
803	854	10	17
803	855	9	19
803	856	13	17
803	859	20	18
804	872	17	17
804	877	18	17
804	881	20	17
804	884	14	18
804	886	8	17
804	888	8	20
804	889	17	18
804	900	8	17
804	903	2	17
804	904	3	19
804	1239	8	17
804	1298	3	17
805	861	18	17
806	860	13	17
807	859	17	17
807	876	10	17
808	861	12	17
808	881	4	19
808	897	2	17
808	1259	8	17
811	862	18	17
811	901	3	17
811	1366	3	17
812	876	18	17
812	881	16	18
812	889	7	18
812	892	5	17
812	1301	8	17
813	876	11	17
813	877	10	18
813	881	13	17
813	900	1	17
814	897	1	18
815	881	17	17
815	888	18	17
816	872	16	18
816	876	7	17
816	877	4	18
816	897	6	19
817	877	16	17
817	881	13	17
817	889	14	17
818	877	6	18
818	884	6	17
819	877	18	17
819	879	8	17
819	880	15	18
819	881	15	19
819	889	12	17
819	898	3	17
819	903	4	17
820	872	15	19
820	877	17	18
820	880	10	18
820	881	14	20
820	883	14	17
820	886	8	18
820	887	10	19
820	888	3	19
820	889	11	20
820	899	1	17
820	900	2	18
820	905	1	17
821	876	14	17
821	877	15	19
821	888	11	20
821	889	6	17
821	891	5	17
821	897	2	17
821	901	3	17
821	903	2	17
822	880	7	17
822	885	5	17
822	903	2	17
823	876	6	17
823	881	9	17
823	884	9	18
823	897	2	17
828	881	16	17
830	881	11	18
830	886	2	17
830	902	2	17
831	886	6	20
831	888	5	17
831	989	4	17
833	889	7	19
833	897	5	19
833	903	4	17
835	886	11	18
835	888	5	19
836	887	15	18
836	888	9	19
836	890	6	17
836	892	6	18
836	896	10	17
836	897	11	18
836	900	4	20
836	902	7	17
837	892	5	17
837	896	8	17
837	897	5	18
837	898	2	17
837	899	6	17
837	900	3	18
837	903	5	17
838	889	5	18
839	897	2	17
839	901	5	18
839	905	4	17
840	897	11	17
840	902	4	19
840	903	6	18
840	904	7	18
841	892	10	18
841	897	4	17
841	898	2	17
841	900	9	18
846	900	4	17
847	900	2	21
847	901	5	21
847	903	4	17
847	904	7	18
848	900	11	20
848	901	7	17
848	902	6	17
848	956	1	17
849	902	5	18
849	904	8	17
849	921	1	17
851	902	9	17
851	903	10	18
851	904	20	18
852	903	15	18
852	905	3	19
853	905	12	18
853	911	6	18
855	906	6	20
855	910	7	17
855	913	6	17
857	908	12	18
857	910	10	19
857	911	8	17
857	981	1	17
858	910	19	17
858	911	12	19
858	991	1	17
860	911	8	18
872	930	1	18
873	956	1	17
873	962	2	17
874	971	2	17
876	930	1	17
877	973	1	17
881	950	1	19
881	970	3	18
881	973	1	18
881	979	2	17
881	991	3	18
887	939	2	18
887	950	2	17
888	962	3	17
888	978	3	18
889	954	1	17
889	988	2	17
890	948	2	17
896	947	4	17
896	954	9	18
896	973	2	17
896	1004	1	17
897	949	8	17
897	950	6	17
897	954	6	17
897	956	4	19
897	961	10	19
897	962	8	18
897	971	6	21
897	974	1	17
897	978	5	17
897	997	5	17
897	1021	4	17
897	1107	7	17
897	1149	4	17
897	1157	1	18
897	1226	5	18
898	950	1	18
898	954	10	17
898	973	6	17
899	956	2	17
900	961	6	18
900	962	6	18
900	969	6	17
900	979	1	18
900	993	3	17
901	962	4	17
902	954	7	18
902	973	8	17
903	954	5	17
903	973	3	21
905	973	8	17
914	967	6	17
921	973	5	18
922	997	6	17
925	1004	12	17
927	1004	8	20
930	984	1	17
930	997	4	18
930	1004	11	18
930	1005	2	17
930	1025	2	18
930	1168	2	17
931	997	3	17
934	1009	2	17
936	1003	2	17
936	1004	7	18
936	1009	4	19
939	1004	10	17
939	1012	9	17
939	1017	6	19
939	1062	2	17
940	1005	9	17
941	997	8	17
941	1004	4	20
941	1007	2	19
941	1009	1	18
941	1017	13	17
946	997	13	19
946	1004	14	17
947	1004	18	19
947	1005	6	17
947	1007	12	20
947	1008	1	19
947	1009	9	17
947	1017	11	17
947	1024	8	18
947	1049	4	17
948	1004	6	19
948	1009	2	19
949	1002	2	17
949	1004	13	18
949	1009	12	20
949	1017	4	17
949	1024	7	17
949	1157	9	17
950	1004	15	18
950	1005	12	18
950	1011	8	17
952	1004	9	18
952	1009	6	17
953	1004	8	17
954	1005	6	19
954	1007	10	21
954	1009	18	21
954	1011	7	17
954	1012	8	17
954	1017	16	18
954	1021	12	17
954	1035	7	17
954	1047	7	18
956	1009	13	18
956	1011	11	19
956	1012	9	17
956	1016	17	18
956	1017	13	18
956	1019	7	18
956	1024	9	19
956	1040	4	17
957	1009	8	18
957	1011	5	20
957	1017	8	18
957	1021	9	17
958	1017	2	19
959	1015	8	17
959	1017	9	20
960	1012	5	17
961	1012	9	17
961	1013	5	18
961	1017	16	20
961	1019	10	17
961	1021	11	17
961	1024	4	18
961	1040	6	18
961	1085	6	17
961	1144	2	17
962	1016	7	18
962	1017	17	19
962	1021	13	18
962	1024	7	20
962	1025	7	18
962	1038	5	17
962	1055	6	19
962	1121	2	17
965	1016	8	20
965	1017	16	18
965	1024	4	17
966	1017	12	20
967	1026	6	18
968	1019	6	17
968	1064	3	18
969	1047	9	17
970	1021	8	17
971	1024	3	18
973	1149	5	17
973	1162	6	17
977	1047	3	18
997	1048	13	19
997	1068	3	17
997	1069	3	19
997	1107	3	17
1004	1055	9	18
1004	1059	3	17
1004	1060	5	17
1004	1064	9	17
1004	1069	8	19
1004	1070	5	20
1004	1085	4	18
1004	1149	4	17
1004	1150	3	17
1007	1064	9	17
1009	1064	12	17
1009	1069	16	18
1009	1107	8	18
1012	1070	4	17
1012	1107	5	19
1017	1077	3	18
1017	1085	4	18
1017	1104	6	17
1017	1121	1	17
1017	1157	3	18
1021	1144	5	17
1024	1085	1	18
1025	1085	9	17
1037	1144	6	17
1038	1104	4	18
1038	1149	8	18
1039	1102	4	17
1045	1099	3	18
1045	1101	1	17
1045	1149	6	17
1046	1121	6	17
1046	1149	9	18
1047	1099	6	17
1047	1102	2	17
1047	1104	3	17
1047	1107	2	18
1047	1121	10	19
1047	1144	7	17
1047	1172	1	17
1048	1099	9	17
1048	1105	6	18
1048	1107	6	18
1048	1144	8	18
1048	1149	8	17
1048	1151	5	17
1048	1157	6	17
1048	1175	10	17
1048	1185	6	17
1054	1121	8	18
1055	1107	5	17
1062	1121	4	17
1064	1127	8	19
1066	1121	9	17
1066	1144	7	17
1068	1121	10	18
1068	1131	1	19
1069	1121	16	19
1069	1127	4	18
1069	1171	6	18
1070	1121	9	18
1070	1160	6	17
1074	1127	2	17
1074	1157	1	17
1077	1136	7	17
1077	1172	1	17
1085	1136	9	19
1085	1143	18	17
1085	1144	20	19
1085	1145	5	17
1085	1151	6	19
1085	1152	14	17
1085	1153	6	17
1085	1154	7	17
1085	1160	3	17
1085	1162	2	19
1085	1165	10	17
1085	1171	8	17
1085	1194	5	18
1087	1152	7	17
1087	1162	3	17
1089	1571	15	20
1094	1155	4	17
1095	1160	2	17
1095	1162	12	18
1095	1166	5	17
1095	1200	2	17
1096	1149	9	18
1096	1157	14	17
1096	1185	5	17
1099	1152	14	17
1099	1157	14	17
1100	1157	9	17
1102	1157	8	18
1102	1160	11	18
1102	1171	6	17
1102	1182	3	19
1103	1157	8	17
1103	1158	2	18
1103	1168	2	18
1103	1175	3	18
1104	1162	2	19
1104	1172	4	18
1105	1157	6	19
1105	1573	6	17
1107	1158	5	17
1107	1162	4	17
1107	1168	5	17
1107	1178	8	17
1107	1182	9	17
1121	1173	6	19
1121	1175	6	18
1121	1178	5	18
1121	1180	5	17
1121	1181	3	19
1121	1185	3	17
1121	1187	4	17
1121	1196	11	17
1121	1197	4	19
1127	1178	7	17
1127	1187	5	17
1127	1190	9	17
1134	1193	16	17
1134	1200	4	18
1144	1198	6	17
1144	1200	5	18
1144	1207	2	18
1144	1208	10	19
1144	1223	10	18
1145	1200	6	18
1149	1200	18	19
1149	1202	14	18
1149	1204	13	20
1149	1208	8	17
1149	1211	4	17
1149	1219	8	17
1149	1223	3	17
1149	1224	6	18
1150	1204	7	17
1150	1206	9	17
1151	1205	8	17
1151	1206	1	17
1151	1207	4	19
1151	1229	7	17
1152	1205	5	17
1152	1206	11	19
1152	1208	3	17
1152	1227	15	17
1155	1207	4	17
1157	1208	11	18
1158	1211	6	18
1168	1558	5	17
1175	1227	5	17
1175	1228	4	17
1200	1835	6	17
1207	1402	2	18
1218	1380	2	18
1218	1386	1	17
1220	1390	4	17
1222	1335	8	18
1222	1401	4	17
1222	1402	4	18
1223	1380	11	17
1223	1386	11	17
1223	1389	7	18
1223	1402	5	20
1223	1438	6	18
1224	1335	3	17
1224	1373	9	19
1224	1402	8	18
1224	1564	2	17
1226	1391	1	17
1226	1393	3	17
1227	1333	2	18
1227	1335	12	17
1227	1380	10	17
1227	1381	7	18
1227	1386	7	18
1227	1389	13	19
1227	1402	8	19
1227	1432	12	18
1227	1448	9	17
1227	1461	9	17
1227	1649	17	17
1228	1334	7	17
1228	1335	4	17
1228	1336	11	18
1228	1343	5	18
1228	1368	6	18
1228	1374	6	18
1228	1378	2	17
1228	1381	8	17
1228	1386	4	17
1228	1393	6	17
1228	1401	6	18
1228	1402	7	20
1229	1331	18	18
1229	1348	2	17
1229	1374	13	18
1229	1437	9	17
1232	1333	16	18
1232	1380	1	17
1233	1340	10	17
1234	1327	19	17
1234	1328	15	17
1234	1333	15	20
1234	1343	12	17
1234	1373	15	17
1234	1401	13	17
1235	1287	13	17
1235	1294	15	18
1235	1336	18	18
1235	1339	19	18
1235	1379	6	17
1236	1287	19	19
1236	1288	12	18
1236	1295	18	18
1236	1296	18	18
1236	1299	19	17
1236	1300	12	18
1236	1301	19	19
1236	1306	20	18
1236	1308	18	19
1236	1336	18	17
1236	1339	13	17
1236	1342	8	18
1236	1348	19	19
1236	1367	13	18
1236	1368	12	17
1236	1370	10	17
1237	1311	14	17
1237	1313	13	17
1238	1291	10	17
1238	1298	18	17
1238	1302	13	17
1238	1308	10	18
1238	1309	19	17
1238	1313	18	19
1238	1317	18	17
1238	1349	10	17
1239	1308	19	19
1239	1340	17	17
1239	1341	12	18
1239	1349	13	17
1239	1350	11	17
1239	1355	16	17
1239	1356	9	17
1239	1365	19	17
1239	1366	13	17
1239	1367	10	18
1239	1368	8	18
1239	1369	14	18
1239	1372	14	17
1239	1374	17	17
1239	1381	7	17
1239	1724	3	17
1240	1295	16	18
1240	1299	17	17
1240	1336	18	17
1240	1340	16	17
1240	1350	9	17
1240	1353	13	17
1240	1365	19	18
1241	1292	9	17
1241	1295	16	17
1241	1333	19	17
1241	1347	15	17
1241	1348	10	17
1241	1358	4	18
1242	1293	15	19
1242	1343	19	17
1242	1355	13	17
1242	1359	12	19
1242	1360	10	18
1242	1367	13	19
1242	1378	4	17
1243	1299	20	17
1243	1320	20	17
1243	1328	18	17
1243	1339	19	19
1243	1340	19	18
1243	1341	19	17
1243	1345	12	17
1243	1346	14	17
1243	1350	16	18
1243	1353	8	17
1243	1360	17	17
1243	1362	12	17
1243	1364	17	17
1243	1365	14	17
1243	1366	7	17
1244	1329	13	17
1244	1330	18	19
1244	1333	20	18
1244	1340	15	19
1244	1345	10	18
1244	1346	10	17
1244	1349	19	19
1244	1360	17	18
1244	1365	9	17
1244	1366	8	17
1244	1369	14	19
1244	1389	6	17
1245	1300	14	18
1245	1302	18	20
1245	1323	17	17
1245	1324	20	17
1245	1327	17	17
1245	1333	12	18
1245	1335	14	17
1245	1339	14	17
1245	1340	9	18
1245	1342	14	17
1245	1343	16	19
1245	1344	16	18
1245	1345	10	17
1245	1346	15	18
1245	1349	15	17
1245	1354	15	18
1245	1370	9	17
1245	1724	6	17
1246	1338	17	21
1246	1340	18	18
1246	1341	16	18
1246	1343	18	19
1246	1347	4	19
1246	1354	16	18
1246	1360	11	17
1246	1364	18	19
1246	1367	10	17
1246	1372	3	17
1247	1329	20	17
1247	1331	20	20
1247	1338	15	17
1247	1341	9	17
1247	1345	12	17
1247	1346	15	17
1247	1347	19	18
1247	1353	14	18
1247	1359	13	19
1247	1360	12	17
1247	1362	9	19
1247	1363	14	18
1247	1364	7	18
1247	1365	9	18
1247	1366	13	18
1247	1367	11	17
1247	1373	6	17
1247	1719	3	17
1247	1727	2	17
1248	1328	20	20
1248	1329	10	18
1248	1334	20	17
1248	1336	19	17
1248	1338	8	17
1248	1341	14	18
1248	1345	18	20
1248	1346	10	17
1248	1347	17	18
1248	1348	18	18
1248	1349	19	19
1248	1355	12	17
1248	1357	11	17
1248	1358	11	18
1248	1360	16	20
1248	1365	12	17
1248	1366	11	19
1248	1370	9	17
1248	1373	5	17
1248	1710	2	17
1248	1751	7	17
1249	1328	15	17
1249	1334	11	17
1249	1339	11	19
1249	1340	18	18
1249	1342	14	19
1249	1343	17	18
1249	1344	17	17
1249	1345	17	18
1249	1347	19	19
1249	1353	14	17
1249	1354	20	18
1249	1355	18	17
1249	1361	8	17
1249	1364	4	19
1249	1700	1	18
1249	1724	3	17
1250	1314	20	18
1250	1327	13	17
1250	1338	15	18
1250	1340	16	19
1250	1341	12	18
1250	1344	17	19
1250	1347	14	19
1250	1351	16	18
1250	1353	11	20
1250	1355	17	19
1250	1360	12	17
1250	1364	14	18
1250	1373	6	18
1250	1727	4	18
1251	1304	14	17
1251	1306	19	17
1251	1311	13	17
1251	1321	14	17
1251	1322	20	17
1251	1325	8	18
1251	1348	8	17
1252	1331	13	18
1252	1333	18	17
1252	1364	12	17
1253	1332	19	17
1253	1340	15	17
1253	1341	13	18
1253	1342	17	17
1253	1350	19	19
1253	1351	18	17
1253	1353	11	17
1253	1355	15	19
1253	1357	12	19
1253	1360	18	18
1253	1364	10	18
1253	1365	12	20
1253	1368	16	17
1253	1389	12	17
1253	1727	11	18
1254	1328	15	17
1254	1330	20	17
1254	1339	10	18
1254	1347	14	18
1254	1349	15	17
1254	1364	6	18
1254	1365	14	18
1254	1368	15	18
1255	1324	18	17
1255	1333	18	17
1255	1339	13	17
1255	1340	14	18
1255	1344	12	17
1255	1347	8	17
1255	1348	17	19
1255	1349	15	19
1255	1360	17	18
1256	1325	20	17
1256	1330	12	18
1256	1333	15	17
1256	1343	16	17
1257	1323	15	19
1257	1334	13	17
1257	1338	11	17
1257	1340	14	18
1257	1341	7	17
1257	1345	13	17
1257	1347	16	17
1257	1350	11	18
1257	1354	14	18
1257	1355	16	19
1257	1357	13	18
1257	1358	4	18
1257	1360	9	17
1257	1368	11	19
1258	1318	20	19
1258	1326	18	17
1258	1330	12	18
1258	1335	12	17
1258	1338	9	17
1258	1343	8	20
1258	1348	14	19
1258	1349	7	17
1258	1350	9	18
1258	1353	12	19
1258	1370	3	17
1259	1330	18	20
1259	1343	16	17
1259	1344	16	17
1259	1345	20	17
1259	1349	9	20
1259	1351	19	17
1259	1355	14	18
1259	1358	13	18
1259	1359	13	17
1259	1360	15	17
1259	1362	11	18
1259	1364	13	18
1259	1365	8	18
1259	1367	11	17
1259	1735	8	17
1260	1328	15	17
1260	1330	12	19
1260	1333	11	20
1260	1336	18	17
1260	1340	15	19
1260	1343	19	17
1260	1344	17	20
1260	1345	18	17
1260	1347	17	18
1260	1352	20	17
1260	1354	16	17
1260	1359	4	18
1260	1360	11	19
1260	1364	19	17
1260	1365	5	18
1260	1368	12	17
1261	1328	7	17
1261	1331	13	17
1261	1335	17	18
1261	1339	7	17
1261	1345	12	17
1261	1355	14	17
1262	1324	18	17
1262	1326	13	18
1262	1332	13	19
1262	1333	18	21
1262	1336	20	18
1262	1344	20	17
1262	1346	17	17
1262	1349	11	18
1262	1351	12	17
1262	1357	9	19
1262	1358	8	17
1262	1359	15	19
1262	1360	12	17
1262	1363	11	17
1262	1364	11	19
1262	1365	13	17
1262	1724	4	17
1263	1315	13	18
1263	1317	19	17
1263	1318	19	18
1263	1343	15	17
1263	1353	7	17
1264	1327	18	17
1264	1328	15	18
1264	1334	20	18
1264	1339	6	17
1264	1343	18	18
1264	1345	12	17
1264	1346	15	17
1264	1348	19	20
1264	1349	13	17
1264	1353	16	18
1264	1354	8	18
1264	1355	16	18
1264	1357	11	17
1264	1360	9	17
1264	1364	17	17
1265	1327	18	17
1265	1328	13	17
1265	1329	9	17
1265	1331	4	19
1265	1335	10	17
1265	1348	19	18
1265	1351	5	17
1265	1353	8	17
1265	1358	12	18
1265	1363	7	17
1265	1364	12	17
1265	1368	6	17
1266	1331	18	19
1266	1334	9	18
1266	1336	17	19
1266	1340	15	19
1266	1344	17	18
1266	1349	12	19
1266	1352	13	18
1266	1358	11	18
1266	1359	10	18
1266	1360	8	18
1266	1369	7	18
1266	1726	3	17
1267	1320	18	17
1267	1323	11	17
1267	1327	15	17
1267	1328	15	18
1267	1331	16	19
1267	1335	19	17
1267	1336	13	19
1267	1344	12	17
1267	1347	12	19
1267	1349	17	19
1267	1352	12	18
1267	1354	20	17
1267	1355	17	17
1267	1364	11	17
1268	1345	12	17
1268	1348	15	19
1268	1354	12	18
1268	1360	15	17
1268	1361	8	17
1268	1731	3	17
1269	1323	19	19
1269	1324	15	20
1269	1333	15	17
1269	1346	12	17
1269	1347	14	18
1269	1349	19	17
1269	1351	11	18
1269	1355	16	17
1269	1358	12	17
1269	1359	14	19
1269	1360	19	17
1269	1363	11	17
1269	1364	18	17
1269	1366	13	18
1270	1327	15	17
1270	1331	15	19
1270	1333	19	18
1270	1336	15	17
1270	1340	17	18
1270	1342	9	17
1270	1343	17	18
1270	1347	17	18
1270	1349	15	18
1270	1354	18	17
1270	1355	7	17
1270	1357	8	18
1270	1358	12	17
1270	1360	11	17
1270	1364	8	18
1271	1323	14	17
1271	1327	12	17
1271	1330	17	17
1271	1335	11	17
1271	1338	18	17
1271	1344	9	17
1271	1347	9	18
1271	1351	8	18
1271	1352	6	17
1271	1358	8	18
1272	1323	18	18
1272	1326	20	18
1272	1328	15	17
1272	1330	20	19
1272	1336	13	18
1272	1338	12	17
1272	1339	13	17
1272	1341	17	17
1272	1344	9	18
1272	1345	13	18
1272	1349	10	17
1272	1368	10	17
1273	1328	18	17
1273	1330	20	17
1273	1334	15	18
1273	1336	16	17
1273	1340	12	19
1273	1345	9	17
1273	1346	11	17
1273	1349	12	18
1273	1352	13	17
1273	1353	15	18
1273	1354	17	17
1273	1355	11	19
1273	1358	16	19
1273	1364	5	17
1273	1365	5	18
1273	1370	9	18
1274	1336	11	17
1274	1339	17	20
1274	1342	14	17
1274	1344	17	17
1274	1347	11	18
1274	1349	19	17
1274	1351	13	17
1274	1353	8	17
1274	1354	16	18
1274	1355	12	19
1274	1357	13	17
1274	1366	8	17
1275	1326	18	17
1275	1330	12	17
1275	1331	17	18
1275	1333	17	19
1275	1340	9	17
1275	1348	4	18
1275	1349	13	18
1275	1357	4	17
1276	1330	15	19
1276	1336	19	18
1276	1340	15	18
1276	1344	5	17
1276	1346	12	18
1276	1349	19	17
1276	1351	15	17
1276	1353	16	17
1276	1359	11	17
1276	1368	7	17
1277	1331	19	19
1277	1336	18	20
1277	1339	9	18
1277	1345	8	17
1277	1347	8	18
1277	1348	19	18
1277	1350	13	18
1277	1351	6	17
1277	1353	14	17
1277	1354	20	18
1277	1362	12	17
1277	1366	12	18
1277	1368	9	18
1277	1369	3	17
1277	1727	4	17
1278	1329	13	18
1278	1333	13	18
1278	1334	14	17
1278	1336	13	18
1278	1338	16	19
1278	1339	16	18
1278	1341	9	18
1278	1342	16	18
1278	1343	18	18
1278	1345	16	18
1278	1347	18	20
1278	1348	17	18
1278	1349	11	20
1278	1350	11	17
1278	1354	18	19
1278	1355	8	20
1278	1359	13	21
1278	1368	5	17
1278	1370	4	18
1279	1330	13	18
1279	1331	13	18
1279	1343	8	17
1279	1345	13	17
1279	1348	6	17
1280	1338	13	17
1280	1340	12	18
1280	1347	11	18
1280	1350	14	17
1280	1351	18	17
1280	1353	11	19
1280	1354	14	19
1280	1360	6	19
1280	1365	10	17
1280	1366	18	19
1280	1368	15	20
1280	1370	9	18
1280	1676	5	17
1280	1722	3	18
1280	1724	5	17
1280	1752	8	18
1281	1332	9	18
1281	1337	5	18
1281	1338	15	19
1281	1339	17	20
1281	1340	12	17
1281	1341	9	17
1281	1342	12	17
1281	1345	9	20
1281	1350	4	18
1281	1357	7	17
1282	1336	18	17
1282	1339	10	17
1282	1340	16	17
1282	1342	7	17
1282	1343	15	17
1282	1352	11	20
1282	1357	8	17
1282	1359	13	18
1283	1335	20	17
1283	1339	10	18
1283	1351	4	17
1285	1339	18	18
1285	1343	20	18
1285	1344	18	19
1285	1348	14	20
1285	1350	14	17
1285	1355	11	17
1285	1359	18	17
1285	1360	8	20
1285	1362	13	18
1285	1364	8	19
1285	1368	10	18
1286	1349	6	18
1287	1343	19	17
1287	1345	10	18
1287	1350	10	17
1287	1352	6	18
1287	1353	11	19
1287	1355	14	19
1287	1360	13	17
1287	1367	12	19
1287	1368	8	18
1288	1339	6	17
1288	1344	5	17
1288	1345	14	17
1288	1348	15	17
1288	1349	17	18
1288	1351	7	19
1288	1355	19	17
1288	1359	6	17
1288	1361	7	18
1288	1364	15	18
1289	1347	11	18
1289	1349	13	17
1289	1350	9	17
1289	1353	9	18
1289	1357	4	17
1289	1358	11	17
1289	1360	4	17
1290	1343	18	17
1290	1344	16	17
1290	1347	15	18
1290	1352	7	19
1290	1355	16	18
1290	1357	11	17
1290	1363	10	19
1290	1364	14	17
1290	1367	20	17
1291	1344	9	18
1291	1348	14	17
1291	1349	11	17
1291	1350	12	17
1291	1354	14	17
1291	1360	9	18
1291	1365	7	17
1292	1343	14	18
1292	1347	13	18
1292	1348	20	18
1292	1349	16	18
1292	1351	4	18
1292	1352	6	17
1292	1353	7	17
1292	1360	10	17
1293	1344	19	18
1293	1347	12	17
1293	1348	9	17
1293	1350	17	19
1293	1354	11	17
1293	1355	11	17
1293	1360	13	17
1293	1367	5	17
1294	1346	10	17
1294	1351	8	18
1294	1355	13	19
1294	1358	9	18
1294	1360	14	17
1294	1364	10	18
1295	1346	9	19
1295	1350	13	18
1295	1351	16	17
1295	1354	17	17
1295	1360	8	17
1295	1361	8	17
1296	1348	15	19
1296	1350	11	17
1296	1351	19	17
1296	1354	20	18
1296	1355	20	17
1296	1369	7	17
1296	1370	4	17
1297	1349	17	19
1297	1350	9	17
1297	1353	14	17
1297	1355	16	18
1297	1357	15	17
1297	1358	10	17
1297	1361	6	17
1297	1365	13	17
1297	1368	9	18
1297	1735	5	17
1298	1349	19	19
1298	1355	7	20
1298	1359	9	17
1298	1366	16	18
1298	1372	3	17
1298	1718	11	18
1299	1355	10	19
1299	1358	11	17
1299	1360	17	17
1299	1361	7	17
1300	1354	13	17
1300	1355	16	18
1300	1364	11	17
1301	1352	19	17
1301	1354	19	20
1301	1355	12	19
1301	1358	18	17
1301	1359	17	17
1301	1361	11	19
1301	1362	7	18
1301	1367	14	17
1301	1368	13	18
1301	1726	10	19
1301	1734	6	17
1302	1354	14	17
1302	1357	13	17
1302	1358	5	17
1302	1365	4	17
1302	1367	10	18
1302	1369	4	17
1303	1354	19	18
1303	1355	16	18
1303	1357	8	18
1303	1359	12	17
1303	1360	15	17
1303	1365	10	17
1303	1366	7	19
1303	1367	12	19
1304	1357	7	19
1304	1360	15	17
1304	1364	11	18
1304	1367	8	17
1305	1357	8	18
1305	1358	15	18
1305	1360	14	18
1305	1364	6	18
1305	1367	4	19
1305	1368	13	19
1305	1756	6	18
1306	1364	9	19
1307	1358	16	18
1307	1360	12	17
1307	1363	16	18
1307	1364	17	18
1307	1368	6	20
1308	1359	11	19
1308	1360	4	17
1308	1364	17	17
1308	1368	9	17
1308	1369	7	17
1309	1360	15	19
1309	1361	10	19
1309	1365	3	17
1309	1366	10	17
1309	1367	7	17
1309	1368	11	18
1309	1369	4	18
1309	1719	4	17
1309	1727	1	17
1309	1731	6	18
1310	1361	12	17
1310	1362	3	17
1310	1366	15	17
1310	1370	9	17
1311	1364	20	20
1311	1365	11	20
1312	1363	12	19
1312	1364	15	17
1312	1365	12	18
1312	1368	10	19
1312	1369	12	17
1312	1373	13	17
1312	1668	15	17
1312	1724	8	17
1312	1731	8	18
1312	1735	9	17
1312	1737	4	17
1312	1756	6	17
1312	1772	6	17
1313	1364	19	17
1313	1365	16	17
1313	1366	15	18
1313	1367	17	19
1313	1368	13	19
1313	1369	9	18
1313	1371	7	17
1313	1735	6	17
1315	1366	11	18
1315	1368	13	19
1315	1372	10	18
1316	1368	20	20
1316	1727	6	19
1317	1370	1	17
1321	1373	10	17
1325	1378	9	17
1325	1389	13	17
1325	1772	8	17
1327	1380	14	18
1327	1389	11	17
1327	1407	16	17
1330	1392	11	17
1330	1497	1	17
1331	1387	10	17
1331	1390	12	18
1331	1392	6	18
1331	1395	6	18
1331	1411	15	17
1331	1689	10	17
1333	1389	15	17
1333	1390	15	18
1334	1391	6	18
1335	1390	8	20
1335	1391	10	18
1335	1392	9	17
1335	1401	13	19
1336	1389	8	19
1336	1391	2	18
1336	1407	17	17
1338	1393	14	18
1338	1402	15	20
1338	1408	5	17
1338	1673	6	17
1339	1392	14	17
1339	1404	18	17
1339	1407	16	17
1339	1697	10	17
1340	1401	10	20
1343	1394	12	17
1343	1401	19	17
1343	1517	4	17
1343	1518	8	17
1343	1673	11	17
1343	1700	4	17
1348	1401	10	17
1348	1425	15	18
1348	1731	10	17
1349	1754	1	17
1354	1474	1	17
1354	1727	5	17
1354	1739	6	17
1355	1720	6	17
1358	1741	6	17
1359	1694	4	17
1359	1720	7	17
1360	1754	10	18
1364	1423	13	17
1364	1497	1	18
1368	1423	15	18
1368	1425	12	17
1368	1432	7	17
1370	1425	13	17
1372	1423	19	17
1373	1436	12	17
1373	1438	9	18
1373	1445	4	17
1374	1425	8	19
1374	1431	16	17
1374	1432	13	17
1374	1440	2	18
1374	1479	3	18
1374	1668	8	17
1375	1430	12	17
1376	1431	12	18
1377	1429	11	17
1377	1438	7	17
1378	1431	8	17
1379	1432	9	18
1379	1438	6	19
1380	1431	10	17
1380	1434	12	18
1380	1438	15	19
1380	1454	3	18
1381	1436	4	17
1381	1438	11	17
1381	1441	3	17
1382	1434	1	17
1382	1445	1	17
1382	1478	2	17
1383	1434	7	17
1385	1436	6	18
1385	1437	6	17
1385	1438	12	19
1385	1441	7	19
1385	1444	2	17
1385	1476	1	17
1386	1438	6	20
1386	1444	5	18
1388	1440	5	18
1389	1441	6	17
1389	1446	3	19
1389	1448	6	17
1389	1482	4	17
1389	1649	6	17
1390	1444	8	17
1390	1490	3	17
1392	1463	2	18
1392	1464	4	18
1392	1558	3	17
1401	1461	7	18
1401	1462	5	17
1401	1555	7	18
1401	1576	10	18
1402	1461	5	17
1402	1478	6	19
1402	1481	5	17
1402	1483	10	18
1402	1499	9	18
1402	1546	4	17
1402	1559	9	17
1403	1462	2	17
1403	1463	2	18
1407	1461	5	19
1407	1463	3	17
1407	1546	1	17
1408	1462	1	18
1408	1463	5	17
1410	1461	4	17
1411	1462	3	17
1411	1499	6	18
1412	1465	7	18
1412	1473	4	18
1412	1478	1	18
1413	1468	1	18
1413	1530	1	17
1415	1482	5	17
1416	1478	5	17
1416	1482	2	17
1416	1499	2	18
1417	1494	4	18
1417	1530	2	18
1418	1473	3	19
1418	1483	6	17
1418	1518	3	17
1418	1532	2	17
1418	1563	2	17
1418	1585	7	18
1420	1499	5	18
1422	1478	3	19
1422	1479	4	17
1423	1478	2	17
1423	1490	2	18
1423	1497	12	18
1425	1479	7	17
1425	1490	4	17
1425	1494	10	19
1425	1507	3	17
1425	1518	4	17
1425	1530	4	18
1427	1478	2	17
1427	1490	7	18
1430	1499	11	17
1432	1484	1	17
1432	1499	9	19
1432	1503	3	17
1432	1518	3	20
1434	1502	10	17
1436	1489	3	17
1436	1503	5	18
1436	1504	20	17
1436	1533	5	17
1436	1558	3	17
1437	1559	5	17
1438	1499	5	17
1438	1500	8	18
1438	1502	7	19
1438	1504	8	18
1438	1505	8	19
1438	1517	7	17
1438	1531	1	17
1438	1534	5	17
1438	1536	3	18
1438	1554	8	17
1438	1556	5	17
1438	1558	2	18
1438	1559	1	18
1438	1563	3	17
1438	1564	3	18
1439	1506	10	17
1440	1495	2	17
1440	1502	8	17
1440	1504	10	17
1441	1499	11	17
1441	1554	5	17
1444	1502	18	17
1444	1518	5	17
1444	1546	3	17
1444	1548	8	17
1444	1558	11	17
1445	1502	18	17
1445	1536	3	17
1445	1544	1	18
1445	1546	4	17
1445	1548	10	19
1445	1559	3	17
1445	1563	13	17
1445	1565	7	18
1445	1566	1	17
1446	1542	4	17
1446	1547	5	17
1446	1548	3	17
1448	1518	3	18
1448	1565	8	17
1451	1548	6	18
1451	1559	3	17
1454	1505	6	19
1454	1518	10	19
1454	1521	11	17
1454	1534	6	17
1454	1542	3	19
1454	1548	14	20
1454	1554	11	18
1454	1563	8	18
1454	1649	12	17
1454	1662	3	19
1459	1511	13	17
1459	1512	11	17
1459	1517	6	18
1459	1527	7	18
1459	1530	2	20
1459	1531	10	17
1459	1536	3	17
1459	1543	11	17
1459	1546	8	18
1460	1516	3	17
1460	1518	9	17
1460	1536	7	19
1460	1538	3	20
1460	1543	4	18
1460	1558	8	17
1461	1512	6	18
1461	1517	7	17
1461	1518	15	18
1461	1530	12	20
1461	1533	9	18
1461	1538	7	17
1461	1542	13	17
1461	1545	13	17
1461	1558	15	19
1462	1518	8	17
1462	1544	11	18
1463	1517	6	17
1463	1518	10	17
1463	1526	5	17
1463	1536	4	17
1463	1542	10	17
1463	1546	6	18
1463	1547	2	17
1463	1565	4	18
1463	1649	2	18
1464	1518	6	17
1464	1535	3	17
1464	1538	6	17
1464	1542	6	17
1464	1558	5	19
1464	1564	6	18
1465	1518	10	18
1465	1538	4	17
1468	1525	1	18
1468	1533	8	17
1468	1538	5	18
1470	1532	7	17
1470	1537	8	17
1472	1530	11	17
1473	1529	10	17
1473	1530	14	18
1473	1532	16	17
1473	1533	13	17
1473	1535	10	18
1473	1593	2	17
1474	1525	15	18
1474	1530	9	17
1474	1531	10	17
1474	1533	13	17
1474	1538	8	19
1474	1558	11	17
1475	1531	8	18
1475	1534	14	18
1476	1533	7	17
1476	1536	12	17
1477	1530	6	17
1477	1535	10	17
1478	1529	15	17
1478	1530	14	19
1478	1531	3	19
1478	1532	10	17
1478	1533	8	17
1478	1534	16	17
1478	1535	7	18
1478	1536	11	18
1478	1537	13	18
1478	1538	8	17
1478	1545	13	17
1478	1546	8	18
1478	1565	2	17
1478	1701	1	17
1479	1532	7	19
1479	1533	7	20
1479	1534	14	20
1479	1535	11	18
1479	1536	7	19
1479	1543	6	18
1479	1544	1	17
1479	1558	13	17
1479	1594	1	17
1479	1618	3	17
1480	1531	6	17
1480	1533	4	18
1480	1594	4	17
1481	1535	4	17
1481	1542	7	17
1482	1533	10	17
1482	1534	17	19
1482	1535	11	17
1482	1539	2	17
1482	1554	7	17
1482	1558	6	21
1483	1536	9	17
1483	1542	9	19
1483	1555	4	17
1483	1604	5	17
1483	1649	7	17
1484	1535	4	17
1484	1542	5	17
1485	1542	7	17
1486	1537	12	18
1486	1542	13	18
1489	1542	4	17
1490	1542	9	17
1490	1595	4	17
1490	1613	5	17
1494	1559	9	17
1495	1628	3	17
1497	1558	7	17
1499	1554	3	18
1499	1558	15	18
1501	1558	2	17
1502	1587	12	18
1506	1581	6	17
1517	1576	6	17
1517	1589	1	17
1518	1569	4	17
1518	1577	6	17
1518	1581	6	17
1518	1593	5	17
1518	1649	3	19
1521	1588	3	18
1523	1585	2	17
1525	1599	3	17
1525	1602	4	17
1530	1581	9	19
1530	1585	5	17
1530	1586	4	17
1530	1588	4	17
1530	1602	4	17
1530	1613	12	17
1530	1685	3	17
1531	1595	3	17
1532	1611	3	17
1533	1585	6	18
1533	1594	2	17
1534	1585	7	18
1534	1593	11	17
1534	1595	6	17
1536	1587	1	17
1536	1605	2	17
1536	1613	2	17
1537	1599	2	17
1542	1594	4	17
1542	1613	9	17
1542	1641	4	18
1546	1657	2	17
1548	1611	14	17
1553	1613	8	18
1553	1624	9	17
1553	1649	5	18
1554	1605	8	18
1554	1613	10	17
1554	1616	9	17
1554	1618	8	18
1554	1621	1	18
1554	1623	13	17
1554	1627	4	18
1554	1628	8	17
1554	1629	4	19
1554	1631	7	18
1554	1633	8	17
1554	1634	3	17
1554	1641	7	18
1554	1642	2	17
1554	1645	1	17
1554	1647	2	17
1554	1649	8	17
1554	1826	3	17
1555	1609	8	17
1555	1611	8	18
1555	1613	10	17
1555	1614	12	17
1555	1619	2	18
1555	1623	9	17
1555	1628	15	17
1555	1641	4	17
1555	1648	3	17
1555	1649	10	17
1555	1660	2	17
1556	1617	4	18
1556	1629	4	18
1557	1608	11	20
1557	1630	4	18
1557	1649	4	17
1558	1609	18	19
1558	1613	15	17
1558	1618	9	18
1558	1619	8	18
1558	1621	5	17
1558	1623	4	17
1558	1628	16	19
1558	1629	6	18
1558	1630	10	19
1558	1631	7	19
1558	1633	14	17
1558	1634	9	18
1558	1637	7	18
1558	1638	5	17
1558	1641	5	18
1558	1642	5	17
1558	1643	4	17
1558	1649	9	18
1558	1650	6	17
1558	1662	5	19
1558	1665	6	18
1558	1901	5	17
1559	1611	6	17
1559	1612	11	18
1559	1613	17	20
1559	1614	11	18
1559	1620	11	17
1559	1623	10	17
1559	1624	9	19
1559	1630	3	18
1559	1641	6	17
1560	1613	11	17
1560	1633	3	17
1560	1659	2	17
1562	1618	3	17
1562	1630	2	17
1563	1616	5	21
1563	1620	11	17
1563	1627	5	17
1563	1628	8	18
1563	1630	8	18
1563	1631	4	17
1563	1633	2	19
1563	1637	5	17
1563	1638	2	17
1563	1640	5	17
1563	1642	7	17
1563	1643	2	19
1563	1649	4	17
1563	1650	12	18
1563	1663	2	17
1563	1664	3	17
1564	1615	4	18
1564	1616	7	19
1564	1618	13	17
1564	1621	2	17
1564	1623	3	17
1564	1624	2	17
1564	1627	3	17
1564	1628	11	20
1564	1629	3	18
1564	1630	7	17
1564	1633	8	18
1564	1638	4	17
1564	1641	7	19
1564	1648	5	19
1564	1649	3	19
1564	1650	6	17
1564	1678	2	18
1565	1616	12	18
1565	1617	3	17
1565	1618	3	18
1565	1619	3	18
1565	1627	4	18
1565	1629	9	17
1565	1630	2	18
1565	1631	3	17
1565	1633	8	19
1565	1636	7	18
1565	1644	2	17
1565	1649	3	18
1565	1660	3	18
1566	1618	2	18
1566	1619	9	18
1566	1620	4	18
1566	1622	5	17
1566	1623	6	17
1566	1624	10	19
1566	1625	1	18
1566	1628	9	18
1566	1629	4	19
1566	1630	17	18
1566	1637	8	17
1566	1638	1	17
1566	1639	4	17
1567	1622	1	17
1567	1629	1	17
1569	1622	5	18
1569	1637	4	18
1569	1640	4	17
1569	1641	6	17
1569	1649	10	18
1569	1654	3	17
1571	1622	4	17
1573	1633	2	17
1574	1627	6	20
1574	1630	12	21
1574	1631	12	18
1574	1633	9	20
1574	1634	14	17
1574	1638	10	19
1574	1641	1	18
1574	1642	6	17
1574	1649	14	17
1575	1627	6	19
1575	1629	12	17
1575	1630	12	17
1575	1631	12	18
1575	1633	14	17
1575	1641	4	17
1575	1649	10	19
1575	1662	4	17
1576	1628	15	18
1576	1629	15	20
1576	1633	14	20
1576	1641	13	18
1576	1642	8	19
1576	1648	6	17
1576	1649	15	20
1576	1657	11	18
1576	1664	4	17
1577	1628	15	21
1577	1629	11	18
1577	1633	14	18
1577	1638	7	17
1577	1639	3	17
1577	1642	9	17
1577	1659	1	18
1577	1662	10	17
1578	1629	14	17
1578	1633	15	20
1578	1634	7	18
1578	1637	8	18
1578	1638	13	17
1578	1649	9	19
1578	1659	6	17
1578	1662	3	18
1579	1634	8	17
1579	1637	8	18
1580	1631	16	17
1580	1633	13	18
1580	1638	11	17
1580	1641	13	18
1580	1643	6	17
1580	1679	6	17
1581	1633	19	18
1581	1634	14	18
1581	1637	14	18
1581	1662	8	17
1581	1665	6	17
1582	1633	13	17
1583	1634	9	17
1583	1638	18	17
1583	1640	4	18
1583	1668	8	17
1583	1698	2	17
1584	1638	6	17
1584	1641	7	19
1585	1636	8	18
1585	1637	16	19
1585	1638	16	18
1585	1640	14	19
1585	1641	17	19
1585	1642	12	20
1585	1649	10	18
1585	1657	3	18
1585	1662	11	19
1585	1683	10	18
1585	1771	9	17
1586	1641	13	19
1586	1665	3	17
1587	1638	20	20
1587	1641	20	19
1587	1642	9	17
1587	1647	1	17
1587	1665	11	17
1587	1668	13	17
1587	1670	4	17
1588	1640	3	18
1588	1648	6	17
1588	1649	10	18
1588	1654	7	17
1588	1662	10	17
1589	1642	3	19
1590	1641	8	17
1593	1662	4	17
1593	1667	6	17
1593	1669	6	18
1594	1647	1	18
1594	1649	10	17
1594	1665	8	17
1594	1666	4	17
1595	1649	12	18
1595	1652	8	17
1595	1662	3	18
1596	1649	9	17
1596	1662	9	17
1597	1662	6	18
1597	1665	6	17
1598	1649	6	18
1599	1659	10	18
1599	1803	3	17
1601	1673	3	17
1602	1668	11	18
1602	1673	8	17
1604	1668	3	18
1605	1665	7	17
1606	1668	4	17
1606	1682	4	17
1608	1659	5	17
1608	1665	4	17
1610	1673	4	18
1611	1665	6	18
1611	1668	5	19
1612	1663	6	17
1612	1665	2	19
1613	1666	6	18
1613	1667	4	18
1613	1668	8	17
1613	1680	3	17
1613	1757	7	17
1613	1771	8	19
1613	1777	1	17
1614	1668	5	19
1616	1668	8	17
1616	1694	7	18
1617	1685	8	17
1617	1705	7	17
1617	1781	4	17
1618	1672	3	17
1618	1683	2	18
1618	1724	2	17
1619	1672	5	17
1619	1751	6	17
1622	1700	5	18
1622	1739	8	17
1627	1683	1	18
1628	1680	2	19
1628	1694	11	17
1630	1682	1	18
1630	1683	10	17
1631	1682	7	17
1633	1685	5	17
1633	1771	7	17
1637	1771	5	17
1641	1795	7	17
1647	1701	8	17
1649	1704	11	19
1649	1705	6	17
1649	1707	3	17
1649	1710	12	18
1649	1754	10	17
1649	1792	4	17
1654	1715	14	19
1654	1716	7	18
1654	1718	8	17
1654	1739	4	17
1654	1757	9	17
1657	1713	15	19
1657	1724	14	19
1658	1710	12	17
1658	1754	12	17
1658	1763	17	17
1659	1710	10	17
1659	1711	15	17
1659	1713	3	17
1659	1714	13	18
1659	1718	6	19
1659	1719	10	17
1659	1818	10	17
1662	1716	10	18
1662	1757	19	19
1662	1780	11	17
1662	1781	20	17
1664	1751	15	17
1664	1756	14	17
1664	1773	8	17
1664	1780	14	17
1665	1722	17	18
1665	1723	18	18
1665	1724	20	18
1665	1726	19	19
1665	1728	20	17
1665	1732	16	17
1665	1735	17	17
1665	1737	15	17
1665	1739	12	17
1665	1751	17	18
1665	1755	2	18
1665	1756	17	19
1665	1762	5	17
1665	1764	9	17
1665	1771	14	17
1665	1784	7	17
1666	1720	20	17
1666	1727	11	17
1666	1751	20	18
1666	1756	10	18
1666	1764	7	17
1667	1723	8	17
1667	1724	12	18
1667	1727	17	19
1667	1732	12	17
1667	1739	12	17
1667	1756	19	17
1668	1720	19	20
1668	1732	17	18
1668	1735	17	20
1668	1737	18	17
1668	1739	20	17
1668	1742	14	17
1668	1747	11	18
1668	1754	19	20
1668	1761	7	17
1668	1763	7	18
1668	1764	16	17
1668	1766	14	17
1668	1769	12	17
1668	1771	19	17
1668	1772	6	18
1668	1774	17	17
1668	1781	12	19
1668	1784	5	18
1668	1795	14	17
1668	1798	20	19
1668	1799	8	17
1668	1801	12	18
1668	1817	10	17
1669	1720	18	17
1669	1721	16	18
1669	1737	13	17
1669	1744	14	18
1669	1751	11	18
1669	1754	13	17
1669	1772	13	17
1669	1781	13	17
1670	1747	10	17
1670	1756	15	19
1671	1726	20	18
1671	1727	19	17
1671	1731	7	18
1671	1735	12	17
1671	1736	17	17
1671	1748	5	17
1671	1751	11	17
1671	1764	12	17
1672	1724	18	21
1672	1725	19	17
1672	1728	14	17
1672	1735	17	18
1672	1736	15	17
1672	1738	16	17
1672	1741	17	17
1672	1744	18	19
1672	1748	9	18
1672	1754	20	20
1672	1755	12	18
1672	1756	20	17
1672	1757	20	18
1672	1763	14	19
1672	1764	15	17
1672	1776	7	17
1672	1803	12	17
1673	1730	9	17
1673	1732	17	18
1673	1733	20	17
1673	1736	15	19
1673	1741	19	19
1673	1744	19	17
1673	1748	10	17
1673	1758	13	18
1673	1761	14	17
1673	1762	8	17
1673	1763	19	18
1673	1772	10	17
1673	1774	8	18
1674	1725	15	18
1674	1731	18	17
1674	1736	12	19
1674	1739	16	17
1674	1743	15	18
1674	1752	15	18
1674	1754	13	19
1674	1756	18	18
1674	1764	15	18
1674	1766	15	17
1676	1732	20	19
1676	1735	14	19
1676	1749	8	17
1676	1757	13	17
1676	1764	14	18
1676	1774	1	17
1677	1728	9	18
1677	1762	6	19
1678	1731	20	19
1678	1733	20	17
1678	1734	14	17
1678	1736	14	17
1678	1738	18	18
1678	1747	15	17
1678	1749	4	17
1678	1751	12	20
1678	1752	14	17
1678	1757	16	18
1678	1771	20	18
1679	1731	13	20
1679	1732	17	17
1679	1739	19	19
1679	1744	10	17
1679	1751	19	18
1679	1754	13	19
1680	1732	20	17
1680	1734	20	17
1680	1735	18	17
1680	1736	15	18
1680	1738	19	17
1680	1739	10	18
1680	1741	7	17
1680	1749	19	18
1680	1752	19	17
1680	1754	18	17
1680	1757	18	17
1680	1771	9	19
1680	1775	5	18
1681	1761	12	18
1681	1764	15	17
1681	1771	11	18
1682	1736	14	17
1682	1737	11	18
1682	1742	12	17
1682	1745	20	17
1682	1761	4	17
1682	1762	3	18
1682	1763	18	19
1682	1764	11	18
1683	1747	19	18
1683	1753	17	19
1683	1761	11	19
1683	1762	20	18
1683	1764	17	18
1683	1766	15	17
1683	1767	8	17
1683	1771	13	18
1683	1773	6	18
1683	1775	17	18
1683	1780	14	19
1683	1781	19	17
1683	1793	7	17
1684	1738	18	17
1684	1743	18	18
1684	1747	18	18
1684	1753	9	17
1684	1755	7	17
1684	1763	14	18
1684	1764	17	17
1684	1766	9	18
1684	1771	11	17
1684	1781	9	18
1685	1753	19	17
1685	1758	19	20
1685	1759	15	17
1685	1760	4	17
1685	1761	9	18
1685	1763	16	20
1685	1765	7	17
1685	1769	15	18
1685	1771	12	19
1685	1774	13	18
1685	1781	11	17
1685	1808	6	17
1686	1744	20	17
1686	1754	16	19
1686	1763	13	18
1686	1764	15	17
1686	1766	6	17
1686	1767	6	18
1686	1769	13	17
1686	1777	6	17
1686	1795	9	20
1687	1743	19	17
1687	1749	14	17
1687	1751	20	18
1687	1761	8	19
1687	1762	11	17
1687	1763	14	21
1687	1764	12	17
1687	1768	8	17
1687	1769	11	17
1687	1783	10	17
1688	1739	18	17
1688	1741	19	17
1688	1743	17	18
1688	1753	10	17
1688	1754	18	19
1688	1756	18	19
1688	1761	13	18
1688	1763	14	17
1688	1764	17	19
1688	1767	10	17
1688	1775	8	17
1689	1740	14	19
1689	1753	19	17
1689	1768	13	18
1689	1769	13	17
1689	1771	19	20
1689	1776	12	17
1689	1781	15	17
1689	1782	12	17
1689	1792	9	17
1689	1793	14	18
1689	1795	8	18
1689	1799	11	17
1689	1801	10	17
1690	1742	18	18
1690	1745	15	17
1690	1750	17	19
1690	1753	13	17
1690	1766	19	18
1690	1767	10	18
1690	1769	15	19
1690	1771	10	18
1690	1775	18	18
1690	1777	10	17
1690	1778	8	17
1690	1798	2	17
1691	1744	10	18
1691	1745	13	18
1691	1748	7	18
1691	1751	14	19
1691	1756	14	19
1691	1763	19	18
1691	1765	5	17
1691	1771	18	17
1692	1743	13	17
1692	1744	19	17
1692	1749	14	19
1692	1758	17	18
1692	1763	19	20
1692	1764	20	20
1692	1766	14	20
1692	1775	7	17
1692	1780	12	18
1692	1802	6	18
1693	1744	18	20
1693	1746	17	18
1693	1747	17	19
1693	1749	19	17
1693	1752	12	19
1693	1753	16	17
1693	1759	15	18
1693	1762	16	19
1693	1764	17	20
1693	1768	16	17
1693	1775	9	18
1693	1776	17	18
1693	1778	8	18
1693	1793	8	17
1693	1798	8	19
1693	1801	10	17
1694	1748	15	17
1694	1749	15	20
1694	1753	18	18
1694	1765	8	19
1694	1768	19	17
1694	1770	14	17
1694	1771	17	20
1694	1773	13	17
1694	1780	15	19
1694	1792	7	17
1694	1798	8	17
1694	1803	8	18
1695	1746	11	17
1695	1747	16	17
1695	1749	14	20
1695	1750	8	17
1695	1752	20	18
1695	1753	19	19
1695	1762	20	17
1695	1764	19	19
1695	1765	15	18
1695	1772	11	17
1695	1777	16	17
1695	1792	4	17
1695	1795	3	17
1696	1747	7	17
1696	1749	9	18
1696	1750	15	19
1696	1752	15	20
1696	1754	20	19
1696	1757	16	17
1696	1761	17	17
1696	1764	8	17
1696	1771	18	17
1696	1772	12	17
1696	1777	8	17
1696	1782	6	17
1696	1803	8	17
1697	1748	19	18
1697	1752	11	18
1697	1772	17	18
1697	1773	17	17
1697	1775	20	17
1697	1782	7	17
1697	1793	7	17
1697	1798	12	17
1698	1749	16	18
1698	1753	16	17
1698	1758	14	18
1698	1761	16	21
1698	1766	15	17
1698	1769	14	17
1698	1772	12	17
1698	1774	17	17
1698	1780	8	17
1699	1750	12	18
1699	1752	17	17
1699	1753	4	17
1699	1757	18	17
1699	1762	15	18
1699	1763	16	19
1699	1764	6	17
1699	1766	9	18
1699	1774	4	17
1700	1753	9	17
1700	1755	19	17
1700	1758	16	18
1700	1767	15	17
1700	1769	14	17
1700	1770	7	17
1700	1772	9	17
1700	1773	13	18
1700	1774	13	20
1700	1776	11	17
1700	1781	12	19
1700	1791	7	17
1700	1795	8	18
1700	1801	5	17
1700	1803	9	18
1701	1753	16	17
1701	1758	15	17
1701	1761	7	19
1701	1765	10	18
1701	1766	19	18
1701	1769	9	18
1701	1771	17	18
1701	1791	1	17
1701	1795	6	18
1702	1755	18	17
1702	1758	16	20
1702	1764	13	18
1702	1767	12	18
1702	1769	12	17
1702	1772	17	19
1702	1773	4	19
1702	1774	4	17
1702	1775	11	17
1702	1777	9	19
1702	1780	12	20
1702	1781	15	18
1702	1782	10	17
1703	1759	20	17
1703	1762	20	17
1703	1766	18	17
1703	1767	12	17
1703	1769	11	17
1703	1771	20	18
1703	1772	12	18
1703	1773	8	19
1703	1775	11	18
1703	1776	4	19
1703	1777	10	19
1703	1799	4	17
1704	1756	20	19
1704	1758	12	19
1704	1769	10	17
1704	1772	15	17
1704	1775	17	18
1704	1782	10	17
1704	1793	6	17
1705	1759	13	19
1705	1760	9	18
1705	1761	16	17
1705	1766	16	19
1705	1767	19	18
1705	1769	9	20
1705	1770	9	17
1705	1772	12	18
1705	1773	20	19
1705	1774	11	17
1705	1780	6	19
1705	1781	14	17
1705	1782	5	17
1705	1794	5	17
1705	1795	9	18
1705	1803	6	18
1706	1762	9	18
1706	1764	14	17
1706	1766	8	18
1706	1771	11	17
1706	1772	20	18
1706	1815	7	17
1707	1758	12	17
1707	1761	13	19
1707	1763	16	19
1707	1765	5	17
1707	1766	17	18
1707	1767	19	17
1707	1769	17	19
1707	1771	15	19
1707	1772	8	21
1707	1774	12	17
1707	1775	8	18
1707	1777	8	18
1707	1781	8	17
1708	1761	17	19
1708	1764	6	18
1708	1771	18	20
1708	1772	14	19
1708	1774	9	17
1708	1780	12	17
1708	1798	13	17
1708	1799	12	18
1709	1760	9	17
1709	1767	16	17
1709	1772	16	19
1709	1773	9	17
1709	1795	16	17
1709	1798	19	17
1709	1801	18	18
1710	1761	16	18
1710	1762	12	19
1710	1763	19	21
1710	1764	19	18
1710	1770	4	18
1710	1773	10	19
1710	1774	7	17
1710	1775	17	17
1710	1780	5	19
1710	1781	11	18
1710	1789	9	18
1710	1795	6	17
1710	1798	7	18
1710	1801	14	17
1711	1762	17	17
1711	1764	12	21
1711	1765	10	17
1711	1766	20	18
1711	1771	19	18
1711	1777	15	17
1711	1783	7	18
1712	1764	19	21
1712	1765	13	17
1712	1766	16	17
1712	1770	11	17
1712	1772	11	18
1712	1777	6	18
1712	1789	5	17
1713	1766	13	18
1713	1767	15	19
1713	1769	12	18
1713	1770	10	19
1713	1771	20	20
1713	1772	13	18
1713	1773	18	18
1713	1777	8	18
1714	1766	16	18
1714	1771	15	18
1714	1772	13	18
1715	1766	10	21
1715	1768	8	19
1715	1770	11	19
1715	1772	16	18
1715	1773	11	17
1715	1774	18	18
1715	1775	15	21
1715	1776	12	17
1715	1777	13	20
1715	1778	7	18
1715	1780	11	19
1715	1781	16	18
1715	1792	14	18
1715	1798	9	18
1715	1801	12	17
1716	1768	11	19
1716	1770	6	20
1716	1771	18	19
1716	1772	13	18
1716	1773	7	19
1716	1775	18	18
1716	1776	12	17
1716	1777	7	19
1716	1778	4	17
1716	1782	6	18
1716	1801	11	17
1716	1803	4	17
1717	1768	14	18
1717	1770	7	17
1717	1771	18	19
1717	1773	20	19
1717	1774	9	18
1717	1776	10	17
1717	1777	18	17
1717	1780	12	18
1717	1781	20	18
1717	1785	5	17
1717	1789	18	17
1717	1793	12	19
1717	1798	17	18
1718	1776	11	20
1718	1777	10	19
1718	1778	11	17
1718	1784	14	17
1718	1789	9	17
1718	1791	19	17
1718	1794	17	17
1718	1797	19	17
1718	1798	20	17
1718	1799	20	20
1718	1815	20	18
1719	1770	9	18
1719	1773	10	19
1719	1775	13	20
1719	1776	14	18
1719	1777	15	19
1719	1781	19	17
1719	1782	12	17
1719	1783	12	19
1719	1789	13	18
1719	1793	17	19
1719	1799	12	18
1719	1802	9	17
1719	1803	15	17
1720	1776	20	17
1720	1779	14	17
1720	1782	16	18
1720	1789	15	18
1720	1792	19	17
1720	1793	19	17
1720	1795	10	19
1720	1796	11	18
1720	1803	20	17
1720	1815	11	17
1721	1772	20	21
1721	1773	16	19
1721	1775	14	19
1721	1776	17	17
1722	1773	11	17
1722	1774	19	18
1722	1775	20	19
1722	1777	20	17
1722	1792	17	17
1722	1793	8	17
1722	1796	9	19
1722	1801	13	17
1722	1802	5	18
1722	1803	11	17
1723	1774	18	17
1723	1789	11	18
1723	1795	14	17
1724	1776	19	18
1724	1777	13	17
1724	1789	17	18
1724	1791	9	17
1724	1793	15	19
1724	1794	9	17
1724	1795	13	18
1724	1797	6	17
1724	1799	12	17
1724	1803	12	18
1725	1776	10	17
1725	1782	17	17
1726	1780	16	17
1726	1792	10	17
1726	1793	18	17
1726	1802	16	19
1726	1803	13	18
1726	1817	11	19
1727	1785	10	18
1727	1789	10	17
1727	1790	10	18
1727	1792	13	18
1727	1794	7	20
1727	1799	18	17
1727	1802	14	18
1727	1803	17	18
1727	1815	16	17
1728	1783	18	17
1728	1784	16	17
1728	1792	15	17
1728	1795	19	17
1728	1799	13	17
1728	1803	14	18
1729	1793	3	19
1730	1798	10	18
1730	1802	7	18
1731	1789	12	17
1731	1791	8	17
1731	1792	18	17
1731	1793	9	18
1731	1794	3	17
1731	1795	16	17
1731	1801	7	17
1731	1802	2	17
1732	1784	12	17
1732	1789	15	18
1732	1793	12	18
1732	1795	15	17
1732	1798	14	18
1732	1799	8	17
1733	1803	6	17
1734	1793	16	17
1734	1795	11	17
1734	1798	16	17
1734	1801	8	17
1734	1803	9	18
1735	1789	4	17
1735	1790	17	17
1735	1792	13	17
1735	1795	10	17
1735	1801	11	20
1735	1803	13	17
1736	1793	1	17
1736	1795	10	17
1736	1801	6	17
1736	1803	16	19
1737	1793	5	17
1737	1795	3	19
1737	1798	12	17
1737	1799	3	18
1737	1803	9	17
1738	1789	14	18
1738	1795	13	17
1739	1793	20	18
1739	1798	16	18
1739	1801	18	19
1740	1792	15	19
1740	1795	17	18
1740	1798	18	18
1740	1801	9	17
1740	1802	7	19
1740	1803	8	18
1741	1795	15	19
1741	1801	10	18
1741	1803	17	17
1743	1795	13	18
1743	1798	8	18
1744	1798	13	17
1744	1801	11	18
1744	1802	16	18
1744	1803	14	19
1745	1798	19	18
1747	1801	18	17
1750	1801	17	17
1750	1803	13	18
1750	1816	5	18
1751	1802	18	17
1751	1808	18	17
1751	1816	17	17
1752	1815	14	17
1754	1808	7	17
1754	1817	17	17
1756	1812	11	17
1756	1815	15	17
1763	1817	8	17
1793	1933	6	17
1815	1869	8	17
1816	1933	13	17
1826	1901	1	17
1835	1901	9	17
1835	1926	6	17
1836	1901	6	18
1844	1896	5	18
1845	1989	4	17
1848	1901	8	18
1852	1908	3	17
1852	1918	5	20
1853	1908	7	17
1855	1908	12	17
1855	1909	7	17
1855	1916	3	18
1855	1920	5	17
1855	1921	6	19
1855	1924	9	18
1855	1959	13	17
1855	1965	17	18
1855	2013	6	17
1856	1959	4	17
1856	1989	12	17
1857	1911	6	17
1857	1921	3	17
1857	1989	5	18
1858	1909	4	17
1861	1918	5	17
1861	1919	8	17
1861	1926	7	17
1861	1971	6	17
1861	1989	7	18
1865	1918	1	19
1868	1965	4	18
1868	1971	3	17
1869	1921	14	18
1869	1922	9	17
1869	1924	4	17
1869	1925	10	17
1869	1926	11	18
1869	1927	10	17
1869	1945	5	17
1869	1953	7	18
1869	1956	11	18
1869	1958	5	17
1869	1959	6	19
1869	1976	1	17
1869	1989	11	18
1872	1933	10	18
1873	1926	4	17
1873	1927	3	18
1873	1930	7	17
1875	1926	9	18
1875	1928	14	19
1875	1930	12	18
1875	1933	20	17
1875	1934	6	18
1875	1935	3	19
1875	1936	4	17
1875	1937	4	17
1875	1947	5	17
1876	1931	2	17
1876	1933	12	17
1877	1933	5	17
1879	1933	7	17
1879	1949	8	17
1880	1933	3	18
1880	1945	9	18
1882	1965	3	18
1883	1957	6	17
1884	1949	8	18
1884	1968	6	17
1889	1942	3	19
1892	1968	2	17
1893	1953	11	17
1893	1969	2	18
1894	1945	6	17
1894	1950	3	18
1894	1957	5	17
1898	1960	5	20
1900	1968	6	17
1901	1953	7	19
1901	1957	9	19
1901	1959	5	17
1901	1960	7	17
1901	1961	5	19
1901	1965	5	17
1901	1967	4	18
1901	1968	7	17
1901	1969	15	18
1902	1956	6	17
1907	1969	6	18
1908	1968	3	17
1911	1973	2	18
1913	1968	7	18
1915	1971	12	17
1915	1975	2	18
1918	1971	15	17
1918	1975	1	17
1919	1971	12	17
1921	1973	7	17
1927	2013	2	17
1957	2010	1	17
1957	2014	3	17
1965	2020	6	20
