SB;1225;24508;2813;24742
cp;1298;24588;1325;24754
Co;2023;24495;1860;24742
AG;2431;24507;2247;24742
Co;2023;24495;1860;24742
AG;2431;24507;2247;24742
Ov;1312;24507;1288;24742
Hi;1425;24516;1264;24742
Hi;1425;24516;1264;24742
Ov;1312;24507;1288;24742
Bl;2078;24516;1385;24742
Lu;3250;24474;1783;24740
Lu;3250;24474;1783;24740
Bl;2078;24516;1385;24742
MesC;1241;24539;1266;24742
LV;1276;24550;1286;24751
LV;1276;24550;1286;24751
MesC;1241;24539;1266;24742
MSC;1298;24527;1250;24742
RV;1429;24525;1549;24742
RV;1429;24525;1549;24742
MSC;1298;24527;1250;24742
NPC;1324;24519;1618;24742
Ao;1244;24569;1246;24744
Ao;1244;24569;1246;24744
NPC;1324;24519;1618;24742
TLC;1258;24536;1312;24742
PM;2588;24486;1794;24742
PM;2588;24486;1794;24742
TLC;1258;24536;1312;24742
ESC;1478;24503;1394;24742
Pa;1274;24515;1471;24742
Pa;1274;24515;1471;24742
ESC;1478;24503;1394;24742
FC;1236;24538;1266;24742
Sp;2158;24523;1254;24742
Sp;2158;24523;1254;24742
FC;1236;24538;1266;24742
Li;1484;24554;1382;24748
LC;1382;24524;1262;24742
Li;1484;24554;1382;24748
LC;1382;24524;1262;24742
