1
100
10043
10050
10053
10070
10074
10077
10079
10081
10086
10090
10091
10168
10172
10173
1019
10202
10206
10213
10214
10215
10218
1022
10222
10228
10230
10234
10235
10236
10243
10247
10253
10254
10255
10259
10263
10268
10274
10277
10282
10283
10284
10285
10290
10295
10296
10300
10303
10304
10325
1033
1034
1035
10362
10363
10387
1039
10390
10392
10393
10394
10399
1040
10403
10407
10413
10423
1043
10436
10439
10444
10445
10467
1047
10477
10490
10491
10493
10494
10495
10500
10504
10515
10520
10522
10526
10529
10530
10534
10539
1054
10541
10548
10554
10555
10559
10568
10569
10576
1058
10588
10589
10590
10594
10596
10597
10599
10600
10601
10609
10623
10625
10653
10656
10663
10664
10665
10669
10670
10672
10675
10676
10680
10681
10685
10686
10696
10698
10700
10706
10707
10709
10710
10720
10722
10727
10728
10729
10734
10738
10740
10742
10744
10747
10748
10749
10750
10751
10758
10763
10764
10765
1077
10780
10782
10783
10784
10786
10787
10789
10802
10806
10807
10809
10820
10825
10829
10832
10837
10838
10842
10850
10851
10861
10864
10865
10866
10870
10872
10882
10883
1089
10891
10896
109
10903
1091
10920
10922
10923
10924
10925
10926
1097
1103
11032
11036
1111
11149
11150
11152
11155
11156
11157
11158
11159
11173
11177
11180
11182
11183
11185
11189
11190
11197
11198
1120
11208
11249
11252
11255
11264
11275
11278
11280
11281
11282
11284
1129
11291
113
11322
11323
11330
11331
11332
11347
11348
11353
11355
11358
11369
1137
11376
11379
1138
11408
11430
11431
11437
11438
11445
11451
11452
11454
11455
11456
1147
11474
1150
1151
11527
11544
11546
11548
11551
11552
11554
11557
11563
11565
11569
11576
11577
11581
1159
11597
11602
11609
11610
11614
1162
1163
11632
11644
11645
11646
11657
11658
11660
11662
11664
11665
11668
11672
11673
11684
11686
11688
11701
11702
11707
11709
11715
11718
1172
11725
11729
1173
11733
11734
11735
11737
11738
1175
11754
11755
11756
1176
11765
11766
11768
11769
11772
11774
11775
11790
11801
11805
11808
11811
11828
11829
11830
11836
1186
11877
11878
11925
11928
11929
11934
11936
11939
11940
11941
11945
11946
11948
11950
11951
11952
11959
11960
11962
11965
11970
11971
11972
11977
1198
11982
11983
11985
11994
11998
12002
12004
12009
12010
12017
12018
12020
12021
12025
12027
12035
12038
12043
12046
12048
12055
12056
12075
12077
12079
12081
12083
12084
12085
12086
12087
12088
12089
12090
12091
12092
12096
12098
121
1210
12100
12101
12111
12121
12127
12130
12132
12134
12136
12138
12141
12142
12144
12146
12147
12149
12150
12151
12166
12167
12168
12175
12176
12180
12182
12183
12184
12188
12195
12198
122
12200
12207
12209
12214
12219
12221
12235
12241
12250
12260
12279
1228
12281
12282
12284
12290
12301
12302
12305
12308
12309
12312
12314
12315
12317
12319
12327
12328
12329
12337
12338
12340
12341
12348
12350
12353
12369
12370
12371
12372
12373
12375
12376
12378
12381
12383
12389
12392
12394
12395
12396
12397
12399
12400
12401
12405
12407
12408
12412
12420
12421
12422
12425
12434
12441
12443
12449
12470
12484
12491
1251
12512
12513
1252
1253
12535
12536
12537
1254
12543
1255
1256
12580
12583
12584
12585
12593
12597
12605
12606
12607
12608
12611
12615
12616
1265
1267
1271
12725
12726
12733
12734
12736
12741
12742
12746
12753
12754
12759
12760
12762
12763
12764
12765
12769
1277
12772
12774
12775
12777
1278
12786
12788
12811
12813
12823
12828
1283
12849
12851
12855
12857
12861
12862
12863
12864
12866
12867
12868
12870
12871
12872
12875
12887
12889
12890
12894
12903
12906
12907
12908
12919
12920
12922
12946
12948
12951
12952
12954
12955
12962
12964
12967
12970
12978
12992
12995
12996
13001
13005
13006
13041
13060
13061
13074
13078
13079
13080
13081
13088
13119
13120
13124
13125
13126
13127
13128
13129
13131
13132
13134
13137
13138
13139
13140
13141
13143
13145
13151
13153
13164
13167
13169
13174
13175
13176
13183
13188
13205
13207
13208
13211
13215
13219
13220
13222
13228
13229
13230
13232
13239
13245
13246
13248
13249
13252
13253
13254
13256
13259
13270
13276
13290
133
13335
13336
13354
13355
13361
134
135
13510
13511
13545
13557
13577
13581
13584
13585
13586
13587
13589
13600
13601
13603
13604
13668
13677
13687
13696
13699
137
13700
13713
13714
13717
13721
13724
13726
13732
13736
13737
13738
13743
13744
13746
13747
13803
13975
13976
13990
13991
13992
13995
13998
14
14005
14014
14017
14018
14020
14021
14028
14029
14031
14032
14033
14041
14042
14050
14051
14053
14054
14055
14058
14062
14064
14069
14074
14076
14077
14080
14081
14083
14090
14098
14106
14107
14108
14113
14114
14115
14118
14120
14121
14122
14125
14129
14130
14137
14138
14140
14146
14147
14150
14151
14152
14154
14155
14164
14168
14169
14242
14243
14245
14254
14287
14291
14296
14308
14319
14320
14331
14335
14339
14340
14342
14347
14350
14355
14356
14360
14361
14364
14367
14370
14372
14373
14383
14410
14413
14415
14416
14421
14423
14426
14429
14432
14445
14447
14448
14449
14453
14464
14467
14468
14469
14473
14476
14478
14484
14488
14489
14492
14494
14495
14503
14506
14510
14512
14516
14517
14518
14523
14527
14529
14530
14531
14540
14548
14549
14554
14562
14575
14579
14581
14583
14585
14586
14589
14594
14612
14629
14636
14640
14642
14658
14664
14686
14687
14694
14695
14696
14706
14715
14719
14720
14725
14728
1473
14731
14736
1474
14740
14749
14797
14798
14808
14809
14811
14838
14839
14840
14841
14855
14862
14868
14872
14885
14891
14895
14927
14928
14930
14931
14932
14936
14937
14945
14946
14947
14955
14962
14964
14965
14968
14969
14972
14975
14983
14996
150
15009
15021
15037
15038
15040
15046
15065
15071
15076
15077
15078
15088
15097
15579
15581
15582
15591
15596
15597
15598
15599
15600
15605
15606
15607
15619
15620
15622
157
15745
15746
15754
15758
15763
15777
15783
15784
15785
15786
15788
15800
15812
15831
15839
15841
15843
15844
15847
15858
15867
15871
15872
15873
15874
15875
15878
15881
15887
15902
15905
15908
15909
15916
1593
15930
1594
15941
15942
15953
15965
15974
15975
15977
15980
15987
15994
15996
16000
16002
16007
16008
16017
16028
16029
1603
16039
16040
16042
16044
16053
16058
16059
16062
16065
16066
16069
16075
16076
16087
16088
16092
16107
16108
16110
16153
16168
16175
16179
16188
16195
16236
16237
16239
16253
16276
16278
16280
16282
16283
16312
16313
16345
16346
16350
16368
16370
16371
16377
16378
16391
16397
16402
16404
16409
16417
16427
16433
16447
16453
16454
16461
16462
16463
16464
16467
16476
16480
16481
16483
16484
16488
16532
16538
16542
16545
16553
16554
16556
16558
16562
16565
16567
16570
16573
16576
16577
16579
16597
16605
16606
16609
16612
16614
16617
16619
16620
16631
16634
16645
16646
16662
16669
16671
16679
16699
167
16700
16702
16705
16727
16730
16745
16790
16791
16797
16805
16807
16808
16811
16813
16815
16818
16819
16824
16825
16830
16835
16842
16852
16853
16859
16862
16863
16894
16897
16903
16906
16907
16922
16925
16928
16934
16944
16946
16948
16950
16951
16952
16953
16957
16961
16964
16966
16970
1698
16991
17001
17002
17005
17006
1701
17010
17013
17020
17023
17034
17069
17071
17072
171
17220
17228
17230
17231
17235
17236
17237
17241
17249
17254
17265
17283
17285
17286
17320
17348
17349
17389
17390
17403
17408
17411
17413
17484
17495
17496
17497
17505
17506
17507
17508
17509
17511
17542
17543
17577
17582
1762
17620
17757
17758
17767
17781
17782
17784
17798
178
17800
17803
17814
17831
17837
17839
17847
17852
17853
17855
17856
17857
17858
179
180
1804
18074
18079
18094
18107
18129
18137
18155
18157
18165
18166
18182
18189
18190
18193
18196
1826
18267
1827
18278
18286
18287
18288
18297
18298
183
1830
18300
18302
18309
18310
184
18431
1851
18571
18575
18581
18588
18593
18602
18604
18623
18626
18633
18635
18637
18642
18651
18652
18662
18666
18667
18668
18678
18679
18680
18683
18684
18690
18692
18694
18695
18696
18712
18721
18738
18743
18751
18773
18776
18779
18799
18804
18806
18810
18859
18864
18865
18871
18879
18880
18882
18883
18886
18890
18891
18892
189
18908
18916
18917
18919
18920
18923
18926
18929
18930
18933
18937
18938
18942
18952
18953
18955
18957
18958
18973
18990
18995
18996
18997
18998
190
19012
19026
19027
19028
19036
19039
19045
19050
19053
19055
19060
19077
19078
19079
19084
19086
19087
19088
19089
19090
19096
19104
19106
19107
19108
19109
19111
19115
19117
19118
19124
19130
19134
19135
19258
19260
19261
19273
19336
19455
19458
19466
19468
19474
19476
19480
19489
19496
19498
19501
19542
19582
19593
19597
19601
19613
19623
19624
19638
19639
19640
19641
19642
19643
19645
19649
19651
19664
19666
19676
19696
19698
19701
19702
19706
19708
19734
19735
19740
19745
19747
19763
19764
19769
19803
19804
19807
19809
19811
19813
19822
19832
19833
19840
19863
19864
19868
19875
19880
19881
19885
19890
19901
19909
19912
19920
19922
19926
19939
19945
19947
19948
19949
19950
19951
19955
19975
19977
19983
19986
19987
19990
19992
19993
19994
19995
19996
19997
19998
19999
20000
20001
20002
20005
20006
20009
20013
20015
20016
20019
20027
2017
202
2020
20223
20229
20232
20233
20234
20235
20239
20240
20241
20251
20254
20258
20269
20272
20275
20281
20287
20292
203
20300
20314
20325
20333
20336
20340
20344
20348
20351
20364
20370
20371
20373
20376
20381
20382
20383
20386
20387
20390
20396
20451
20454
20457
20470
20471
20472
20477
20487
20492
20493
20502
20507
20510
20516
20520
20527
20535
20542
20551
20569
20594
20597
20598
20599
206
20600
20605
20608
20612
20613
20620
20637
20644
20648
20652
20653
20657
20658
20662
20666
20667
20693
20694
20698
20699
20704
20814
20817
20819
20820
20821
20829
20833
20836
20851
20852
20871
20872
20874
20875
20877
20878
20898
20900
20908
20925
21168
21175
21194
21195
21200
21203
21208
21227
21228
21230
21232
21233
21247
21252
21271
21278
21279
21280
21284
21343
21376
21395
21414
21418
21420
21421
21424
21425
21426
21427
21428
21432
21433
21434
21435
21436
21437
21438
21439
21440
21441
21442
21444
21445
21454
21456
21464
21485
21486
21520
21521
21525
21526
21556
21564
21576
21594
21595
21603
217
21884
21890
219
21924
22086
22103
22109
22166
22182
22209
22260
22265
22274
223
22309
22316
22317
2243
2244
22589
227
2273
22738
22756
22766
22789
22797
2281
22851
22853
22891
22922
22926
22930
22937
23698
23763
24711
24713
24716
24719
24728
24731
24733
24741
24745
24747
24750
24753
24755
24773
24776
24780
24782
24793
24794
24801
24803
24804
24813
24815
24822
24836
24841
24842
24843
24848
24850
24860
24865
24867
24869
24871
24891
24893
24899
24907
24911
24922
24924
24927
24931
24932
24940
24976
25002
25004
25006
25021
25022
25025
25026
25029
25054
25055
25056
25061
25063
2507
25070
25072
25073
25075
25076
25094
25101
25104
25108
2511
25111
2512
2515
2517
25182
2520
25209
2522
25224
2523
25249
2525
25251
25257
25263
25268
25291
25305
25309
25349
25352
25358
25359
25364
25365
25366
25369
25370
2538
2539
25397
254
25401
25408
25410
25420
25424
25446
25449
2545
25455
25458
25460
25461
25462
25463
25465
25466
25487
25490
25508
25515
25517
25519
25521
25526
25551
25552
25556
25567
25568
25575
2560
25616
25627
25630
25632
25635
25649
25654
25655
2566
25696
25709
2571
2572
25767
25774
25779
25794
25812
25813
25840
25841
25843
25844
25848
25851
25857
2587
25889
25890
25891
25899
25900
25906
2591
25911
25913
25914
25915
25924
25925
25933
25937
25938
25940
25949
25952
25954
25957
25967
2597
2599
260
26102
26107
26109
26161
26163
26169
26178
2619
26209
2621
2622
26228
26229
26234
26238
2624
26240
26244
26255
26256
2626
2629
2631
2632
26330
2636
26375
2638
26386
2646
26479
26480
26488
2649
26496
26498
26499
26504
26508
26510
26511
26512
26513
26514
2652
26532
26540
26547
2656
26572
26574
2658
26585
26594
26595
26596
26599
26600
26607
26610
26611
26612
26618
26620
26626
2663
26704
26709
26710
26711
26718
26724
2673
26731
26732
26736
2674
26743
26745
26747
26761
26773
26778
26783
26785
26788
2679
26792
26804
26809
2681
26810
26814
26851
26873
26875
26876
26877
26879
26880
26891
26898
26901
26904
26905
26911
26920
26921
26933
26937
26940
26941
26943
26955
26963
26964
26987
26993
27088
27139
27154
27188
27220
27228
27235
27236
27239
27241
27244
27251
27255
27260
27264
27267
27269
27270
27273
27275
27300
27302
27312
2733
27336
27337
27339
2734
2735
27351
27354
27357
2736
27360
2737
27592
27597
27598
27600
27601
27602
27611
27615
2763
27665
27666
27689
27691
27702
27704
27705
27713
27714
27715
27749
27751
27753
27755
27758
27759
27761
27762
27763
27772
27773
27782
27795
27796
27798
2782
27843
27850
27852
27861
27862
27873
27888
27894
27897
27923
27930
27948
27972
28061
28062
28063
28064
28075
28076
28077
28078
28079
28080
28081
28082
28083
28084
28086
28087
28089
28110
28112
28113
28114
28118
28122
28126
28132
28187
28192
28238
28698
28700
28702
28745
28755
28762
28907
28908
28913
28927
28930
28932
28952
28972
29004
29005
29008
29010
29012
29013
29045
29046
29047
29049
29056
29057
29070
29091
29098
29124
29128
29141
29144
2915
29163
2917
2918
2920
2921
29297
29308
29329
29373
29374
29375
29392
29393
29397
29408
29415
29425
29429
29432
29433
29435
29443
29447
2945
29451
29458
29464
2947
29474
29485
29486
29490
29492
29513
29516
2952
29526
29529
29532
29533
29539
2954
29540
29541
29549
29552
29554
29561
29571
29572
2958
2960
29620
29632
29644
29664
29665
29667
29674
29680
29681
29688
29690
29693
29701
29702
29713
29714
29715
29720
29721
29730
29735
29740
29745
29747
29748
29750
29757
29761
29762
29763
29784
29804
29805
29807
29815
29915
29918
29919
29921
29926
29928
29929
29933
29935
29942
29943
29954
29958
29959
29961
29967
29976
29977
29979
29980
29981
29983
29984
29988
29989
29991
29998
29999
30
30001
30007
30009
3001
30013
30014
30018
3004
30041
30044
30057
3006
30060
30061
30062
30069
3007
30071
30074
30078
3008
3010
30101
30109
3011
30112
30113
30116
30117
30121
30125
30126
3013
3014
30140
3015
30154
30158
30161
30163
30164
30185
30198
30207
30226
30330
30368
30421
30422
30442
30443
30444
30482
30485
30490
30504
30514
30517
30520
30522
30525
30526
30528
30543
30545
30549
30551
30556
30560
30565
30566
30567
30593
30598
30602
30603
30604
30605
30772
30773
30774
3086
3088
3089
30897
309
30912
31114
31117
31118
31123
31126
31128
31132
31138
31142
31143
31146
31148
31167
31168
31175
31199
312
31200
31207
31214
31221
31222
31225
31226
31230
31232
31233
31236
31237
31240
31242
31243
31245
31254
31255
31260
31266
31269
31270
31271
31272
31276
31292
31302
31303
31304
31306
31318
31320
31325
31333
31334
31335
31336
31364
31370
31373
31383
31395
31422
31427
31490
31527
31532
31533
31534
31553
317
31709
31710
31712
31713
31714
31715
31716
31718
31722
31726
31782
31787
31795
31796
31798
31803
31804
31807
31809
31811
31812
31814
31816
31819
31824
31825
31826
31827
31828
31830
31844
31853
31854
31857
31861
31862
31868
31869
31873
31875
31879
31887
31893
31894
31895
31897
31899
31906
31907
31912
3192
3193
3194
31940
31946
31966
31971
31975
31989
31992
32013
32019
32022
32025
32027
32029
32030
32036
32037
32045
32046
32047
32051
32053
32054
32056
32063
32064
32065
32069
32070
32071
32073
32078
32082
32083
32084
32085
32087
32105
32129
3216
3217
32177
3219
32190
32191
3220
32211
32213
32215
32216
32218
32220
32227
3223
32233
32238
32246
32249
3225
32255
32256
32257
32259
32296
32314
32318
32331
32336
32362
32364
32377
32379
32435
32439
32441
32442
32443
32447
32448
32449
32450
32453
32454
32456
32464
32470
32471
32473
32474
32486
32487
32488
32489
32491
32499
32500
32502
32503
32504
32506
32507
32508
32509
32510
32511
32512
32513
32514
32515
32519
32520
32521
32523
32524
32525
32526
32528
3253
32543
32544
3255
32554
32556
32557
32558
32559
3256
32560
32562
32563
32567
32568
32569
32572
32573
32574
32575
32576
32577
32578
32589
32590
32613
32640
32642
32645
32658
32672
32683
32688
32703
32707
32708
32709
32721
32733
32750
32752
32759
32764
32783
32787
32791
32792
32794
32795
32797
328
32820
32844
32850
32851
32853
32863
32865
32866
32867
32870
32872
32873
32874
32875
32877
32880
32885
32890
32892
32894
32895
32915
32917
32938
32941
32977
32979
32981
32982
33
33057
33058
33062
33066
33113
33163
33165
33166
33167
33190
33233
33376
33378
33393
33402
33405
33420
33421
33434
33445
33446
33447
33449
33451
33452
33453
33469
33472
33473
33474
33479
33493
33496
33502
33505
33539
33540
33541
33552
33553
33567
33571
33585
33593
33596
336
33612
33615
33617
33618
33619
33621
33622
33625
33626
33629
33630
33634
33638
33643
33647
33648
33651
33655
33711
33713
33834
33837
33839
33840
33841
33843
33845
33846
33847
33933
3395
33951
33953
33960
33965
33969
33972
33973
33976
33977
3398
33981
33991
3402
3412
34199
34206
34209
34211
34215
34225
34229
34236
34244
34246
34249
34252
34254
34257
34260
34276
34279
34280
34301
34303
34305
34306
34307
34364
34365
34367
34369
34370
34388
34389
34392
34394
34401
34406
34433
34437
34459
34475
34480
34482
34492
34493
34498
34500
34513
34520
34567
34577
34580
34582
34587
34616
34620
34624
34626
34643
34647
34650
34651
34653
34680
34686
34728
34729
34730
34733
34940
34944
34945
34946
34947
350
35134
35141
35142
35143
35144
35146
35165
35166
35171
35172
35176
35189
35192
35194
35213
35285
35291
35333
35469
35489
35490
35506
35512
356
35621
35622
35625
357
35718
35719
35720
35722
35723
35727
35729
35730
35731
35747
35774
35776
35780
35786
35787
35812
35813
35819
35823
35913
35923
35925
35947
35949
35952
35957
35960
35964
35972
35979
35984
35987
35988
36
36019
36035
36037
36038
36041
36106
36114
36126
36128
36135
36138
36140
36145
363
3639
3641
36587
36631
36636
36640
36642
36644
36649
36668
36683
36684
36685
36698
36700
36706
36707
36716
369
3691
3695
3699
37005
37027
37028
37032
37034
37037
37039
37042
37046
37047
37054
37055
3707
3708
37138
37310
37353
37355
37356
37358
37363
37365
37366
37396
37399
37403
37410
37428
37616
37640
37644
37650
37665
37666
37756
37766
37834
37848
37873
37894
37958
37984
37998
38001
38004
38012
38014
38025
38027
38029
38030
3851
3853
38548
38549
38567
38570
3858
3864
3866
38681
38737
38738
3876
38866
3887
38884
38889
38904
38907
38909
38911
3892
38922
38926
3893
38935
38966
38967
38968
38969
39
39039
39074
39076
39166
39167
39168
39169
3917
39171
39172
39174
3921
3922
3942
3943
3957
3958
39589
3959
39592
3964
3965
39756
39757
39758
39760
39796
39802
39803
39811
39812
39814
39816
39831
39833
3985
3988
40205
40209
40210
40214
40216
40222
40229
40234
40238
40247
40248
40250
40252
40255
40257
40258
40259
40264
40268
40269
40276
4028
40290
40293
40298
40301
40302
40318
40328
40336
40340
40344
40347
40348
40349
40354
40359
40361
4037
40383
40387
40388
40389
40392
40395
40402
40404
40407
40409
40424
40426
40434
40450
40454
40456
40459
40461
40468
40472
40474
40479
40511
4053
40531
40532
40534
4059
40591
40606
40609
4061
40616
40619
40622
40624
4063
40657
40680
40681
40682
40683
40709
40753
40757
40769
40771
40772
40774
40777
4078
40791
40792
4080
40802
40805
40806
40807
40810
40811
40815
40817
40818
40822
40823
40824
40826
40828
40831
40834
40835
40836
40839
40840
40843
41097
41099
41100
41107
41108
41111
41128
41142
41144
41148
41179
41183
41185
41246
41249
41266
4159
4163
4164
4166
4168
4211
4213
4214
42171
42172
42178
42191
42209
42218
42221
42254
42340
4239
42413
4242
42424
42426
42427
42436
42439
42441
42443
42444
42451
42453
42534
42536
42551
42553
42618
42708
42709
4271
42710
42712
42717
42734
42746
42756
4276
42905
4304
4305
4306
43098
43101
43130
43132
43133
4316
43334
43345
43352
43366
43368
43369
43370
43371
43372
43373
43377
43378
43519
4366
4367
4369
43699
43702
43711
43714
43716
43723
43727
43730
43735
43736
43768
43769
43776
43805
43809
4381
4382
4383
43840
43848
43849
43852
43853
43856
43863
4389
4391
43914
43922
43923
43924
43925
43927
43928
4393
43931
43932
43933
43934
43936
43939
43940
43945
43951
43952
43953
43955
43957
43958
4396
43960
44031
44038
44045
44046
44054
44056
44061
44069
44082
44100
44119
44134
44138
44139
44147
44182
44185
44190
4424
44376
44377
44383
44387
44390
44391
44393
44395
44399
44400
44403
44408
44409
44410
44411
44412
44415
44417
44420
44422
44424
44430
44433
44462
44466
44468
44470
44471
44472
44473
44479
44488
44490
44502
44518
44527
44621
44672
44675
44677
447
44745
44749
44751
44752
44756
44757
44759
44761
44762
448
44801
44802
44803
44846
44849
44889
44973
44976
44978
44979
44982
45002
45004
4502
45041
45201
45205
45206
45210
45212
45228
4524
45249
45254
45256
45259
45260
45261
45265
45267
45269
45272
45275
45294
45297
45303
45305
45312
45315
45316
45323
45413
45427
45435
45438
45439
45440
45441
45442
45443
45449
4545
45450
45458
45459
45464
45466
45467
45468
45473
45474
45477
45482
45485
4551
4552
4554
4555
4556
45562
45563
45564
4558
4559
45591
45592
4560
45603
4567
457
4573
4574
4575
4577
4582
4588
45939
45949
45994
45995
45998
4600
46001
4601
46075
4640
4641
46487
46488
4649
46490
46491
46492
4650
46506
46510
46520
46526
4653
4659
4661
4662
4666
4668
4669
4670
4675
4678
4679
4683
4704
4708
4725
4728
4734
4742
4745
4751
4753
4758
4759
4762
4763
4764
4767
4769
4770
4771
4772
4775
4781
4786
4789
4790
4791
4792
4793
4802
4803
4807
4810
4811
4812
4814
4817
4818
4820
4834
4835
4836
4837
4844
4846
4848
4850
4852
4861
4882
4884
4893
4895
4896
4902
4910
4914
4915
4916
4923
4928
4929
4971
4973
4983
4988
4989
4991
4994
5000
5010
5014
5019
5022
5023
5026
5030
5084
5087
5092
5096
5097
5102
5106
5115
5118
5125
5126
5129
5139
514
5141
517
5174
5190
5192
5214
5221
5227
5231
5232
5266
5274
5280
5287
5289
5316
5333
5350
5351
5352
5365
5367
5368
5380
5384
5385
5387
5388
5391
5394
5401
5404
5406
5408
5410
5416
5421
5422
5437
5438
5439
5440
5441
5442
5444
5447
5448
5457
5458
5465
5466
5474
5486
5492
5501
5504
5506
5516
5519
5525
5537
5550
5553
5555
5556
5567
5572
5575
5581
5587
5588
5591
5593
5595
5596
5597
5606
5619
5622
5630
5645
5646
5651
5659
5660
5663
5666
5669
5681
5683
5684
5685
5686
569
5690
5694
5697
570
5703
5709
5714
5717
5720
5722
5728
573
5730
5732
574
5767
5779
5786
5792
5793
5865
5866
5867
5871
5872
5874
5875
5876
588
5880
5881
590
5913
592
5938
5939
5941
5943
5949
595
5958
5969
598
6
605
608
609
6096
6097
6098
611
6122
6123
613
614
6149
615
6151
6152
6154
6155
620
6230
6231
6232
6234
6235
624
6242
626
6266
6267
6272
628
6281
6283
6284
6286
6289
629
630
631
6313
6320
6321
6326
6333
6339
634
6340
64
6401
6403
6407
6408
6409
6415
6418
6419
642
6420
6424
643
644
645
646
6463
6469
647
648
6484
6488
649
65
659
6598
6605
6606
662
6634
666
667
668
671
6754
6755
676
6791
6820
6821
6826
6849
6850
6853
6870
6875
6915
6920
6924
6930
6933
6934
6945
6948
6951
6954
6961
6973
6976
6980
6984
6988
6989
6994
6999
7004
702
7020
7040
7043
705
7067
707
708
709
71
7100
7103
7105
7106
7109
7119
7123
7131
7132
7137
7149
7162
7165
7167
7170
7172
7175
7179
7181
7195
7198
7200
721
722
7231
7234
726
7279
7282
7283
7284
7292
7293
7307
7310
7314
7315
7316
7317
7318
732
7320
735
7355
7362
7368
737
7437
7439
7449
7452
7455
7456
7457
7458
7459
7520
7522
7529
7542
7543
757
7649
7654
7657
7659
7666
7667
7671
7677
7678
769
7698
7699
770
7701
7703
7707
7711
7713
7719
7722
7723
7727
7728
7733
7735
7736
7737
7742
7747
7749
7750
7751
7752
7753
7754
7775
7794
7806
7813
7821
7829
7830
7834
7837
7838
7841
7845
7848
7851
7853
7854
7883
7891
79
7904
7905
7920
7921
7922
7923
7924
7926
7928
7930
7934
7936
7938
7941
7943
7944
7946
7948
7951
7955
7960
7964
7966
7967
798
7993
7994
800
8000
8007
8020
8025
810
8100
8103
8111
8121
8128
8129
8132
8136
8138
814
8142
8145
8150
8151
8157
8158
8166
8174
8178
8181
8183
8185
8187
819
8195
8198
8212
8215
8216
8219
8221
8224
8225
8226
8227
8228
8231
8232
8233
8240
8248
8253
8256
8257
8259
8262
8269
83
833
8356
8368
8369
8375
8376
8377
8380
8387
841
8413
8414
8429
8435
8439
8444
8445
8449
8458
8460
8461
8463
8468
8469
8476
8479
8481
8486
8487
8488
8489
8493
8495
8502
8503
8504
8508
8518
8529
8533
8534
8538
8539
8540
8550
8553
8555
8556
8562
8563
8595
8599
8602
8603
8604
8606
8610
8614
8615
8619
866
8702
8703
8723
8732
8733
8760
8761
8794
8805
8807
8810
8811
8814
8822
8834
8836
8843
8885
8890
8891
8892
8906
8908
8909
8914
910
921
922
924
925
927
9288
93
9306
9307
931
9311
9312
9315
9318
9324
9325
9326
9329
9331
9336
9337
934
9349
935
9361
9365
9371
9375
9378
9380
9384
9389
94
9425
9433
9435
9437
9444
9451
9454
9456
9457
9458
9464
9467
9469
9475
9488
9489
9497
9513
9516
9555
961
968
9681
9683
9690
97
9701
9706
9711
9717
975
9760
9762
9767
9769
977
9771
978
9780
9786
9823
983
9832
9838
9845
9861
9867
9872
9877
9888
9889
9896
9897
9920
9922
9941
9944
9945
9946
9947
9954
9966
9979
