1
100
10043
10050
10053
10069
10070
10071
10072
10074
10077
10078
10079
10080
10081
10086
10090
10091
10168
10170
10172
10173
10174
10175
10178
1019
10202
10205
10206
10207
10208
10213
10214
10215
10216
10218
1022
10220
10221
10222
10228
10230
10231
10233
10234
10235
10236
10237
10239
1024
10243
10244
10246
10247
10248
10249
10250
10251
10252
10253
10254
10255
10256
10257
10258
10259
10260
10262
10263
10264
10265
10268
10269
10271
10272
10273
10274
10277
10282
10283
10284
10285
10286
10290
10293
10295
10296
10297
10298
10300
10303
10304
10324
10325
10326
1033
1034
1035
10362
10363
10387
10388
1039
10390
10392
10393
10394
10395
10396
10397
10398
10399
1040
10400
10401
10402
10403
10406
10407
10408
10409
10410
10411
10412
10413
10414
10415
10423
1043
10436
10437
10439
10444
10445
10446
10467
1047
10476
10477
1048
10490
10491
10492
10493
10494
10495
10496
10497
10498
10500
10501
10502
10504
10515
1052
10520
10522
10526
10529
1053
10530
10532
10534
10535
10536
10537
10539
1054
10541
10548
1055
10554
10555
10556
10557
10559
1056
10560
10561
10564
10565
10568
10569
1057
10570
10573
10576
10577
10578
10579
1058
10580
10581
10582
10583
10585
10586
10587
10588
10589
1059
10590
10592
10594
10596
10597
10598
10599
1060
10600
10601
10605
10606
10607
10608
10609
10610
10623
10624
10625
10652
10653
10654
10655
10656
10663
10664
10665
10667
10669
10670
10671
10672
10673
10674
10675
10676
10677
10679
10680
10681
10682
10684
10685
10686
10687
10688
10689
10690
10691
10692
10696
10698
10699
10700
10705
10706
10707
10708
10709
10710
10720
10721
10722
10723
10724
10725
10726
10727
10728
10729
10730
10731
10734
10736
10737
10738
10740
10742
10744
10746
10747
10748
10749
10750
10751
10758
1076
10763
10764
10765
1077
10774
10776
10777
10779
10780
10781
10782
10783
10784
10786
10787
10788
10789
1079
10802
10803
10804
10805
10806
10807
10808
10809
10820
10823
10825
10826
10827
10829
10830
10831
10832
10833
10834
10835
10836
10837
10838
10839
10840
10841
10842
10843
10844
10845
10846
10847
10848
10849
10850
10851
10853
10854
10855
10856
10857
10858
10859
10861
10862
10863
10864
10865
10866
1087
10870
10872
10875
1088
10882
10883
1089
10891
10894
10896
10898
10899
109
10900
10901
10902
10903
1091
10920
10922
10923
10924
10925
10926
10927
10928
10929
1097
110
1102
1103
11032
11033
11034
11036
1105
1106
1107
1108
111
1111
11149
11150
11152
11153
11154
11155
11156
11157
11158
11159
11170
11171
11173
11177
11180
11182
11183
11185
11189
11190
11197
11198
11199
1120
11208
11212
11213
11214
11249
11250
11252
11253
11254
11255
11256
11257
11261
11262
11263
11264
11274
11275
11276
11277
11278
11280
11281
11282
11284
1129
11291
113
1130
11309
11310
11322
11323
11330
11331
11332
11347
11348
11353
11355
11356
11358
11369
1137
11371
11376
11377
11378
11379
1138
1139
1140
11408
1141
1142
1143
11430
11431
11437
11438
11439
11440
11441
11442
11443
11444
11445
11450
11451
11452
11453
11454
11455
11456
11458
11459
11462
1147
11474
11475
11476
11477
1148
1149
1150
1151
1152
11527
1153
1154
11544
11545
11546
11547
11548
11549
1155
11551
11552
11554
11556
11557
1156
11561
11562
11563
11564
11565
11566
11567
11568
11569
1157
11570
11571
11572
11573
11574
11575
11576
11577
11580
11581
1159
11597
11598
11599
11600
11601
11602
11609
11610
11614
1162
1163
11632
11644
11645
11646
1165
11657
11658
11659
1166
11660
11661
11662
11663
11664
11665
11667
11668
11669
1167
11672
11673
1168
11680
11682
11684
11685
11686
11688
11699
11700
11701
11702
11707
11709
11715
11718
1172
11720
11725
11729
1173
11730
11731
11732
11733
11734
11735
11737
11738
11739
1175
11754
11755
11756
11757
11759
1176
11761
11765
11766
11768
11769
1177
11770
11771
11772
11774
11775
11776
11778
11779
1179
11790
11801
11802
11803
11804
11805
11806
11807
11808
11809
11811
11813
11814
11828
11829
11830
11831
11832
11836
11837
1186
11877
11878
11886
11887
11888
11889
11892
11893
11895
11896
11897
11899
119
11901
11902
11903
11904
11907
11908
11909
1191
11910
11913
11914
11916
11920
11921
11922
11923
11925
11927
11928
11929
11930
11931
11932
11933
11934
11935
11936
11937
11939
1194
11940
11941
11942
11943
11944
11945
11946
11948
11949
11950
11951
11952
11953
11954
11955
11956
11959
11960
11961
11962
11965
11968
11969
11970
11971
11972
11977
11978
1198
11982
11983
11985
11986
11987
11988
11989
11990
11991
11993
11994
11995
11996
11997
11998
11999
120
12000
12001
12002
12003
12004
12005
12006
12008
12009
12010
12011
12012
12013
12014
12015
12016
12017
12018
12019
12020
12021
12023
12025
12027
12028
12035
12038
12043
12044
12045
12046
12048
12049
12050
12051
12052
12053
12054
12055
12056
12075
12076
12077
12078
12079
12080
12081
12082
12083
12084
12085
12086
12087
12088
12089
1209
12090
12091
12092
12096
12098
121
1210
12100
12101
1211
12111
12118
1212
12121
12127
1213
12130
12131
12132
12133
12134
12135
12136
12137
12138
12139
1214
12140
12141
12142
12143
12144
12145
12146
12147
12148
12149
1215
12150
12151
12152
12153
12154
12155
12156
12157
12158
12159
1216
12160
12161
12162
12164
12166
12167
12168
1217
12172
12173
12174
12175
12176
12177
12178
1218
12180
12181
12182
12183
12184
12185
12186
12187
12188
12189
1219
12192
12195
12198
122
1220
12200
12201
12202
12203
12204
12207
12209
1221
12214
12219
1222
12221
12222
12223
12224
12225
12226
12227
12229
1223
12235
12236
1224
12241
1225
12250
1226
12260
12261
12279
1228
12281
12282
12283
12284
12285
12289
12290
12301
12302
12305
12306
12307
12308
12309
12310
12312
12313
12314
12315
12316
12317
12318
12319
12320
12321
12322
12323
12327
12328
12329
12331
12332
12333
12334
12335
12336
12337
12338
12340
12341
12346
12347
12348
12349
12350
12351
12352
12353
12369
12370
12371
12372
12373
12375
12376
12378
12379
12381
12383
12389
12390
12392
12393
12394
12395
12396
12397
12399
12400
12401
12402
12403
12405
12407
12408
12410
12412
12413
12414
12415
12416
12417
12420
12421
12422
12423
12425
12432
12433
12434
12435
12436
12437
12439
12440
12441
12442
12443
12444
12445
12449
12470
12484
12491
1251
12512
12513
1252
1253
12535
12536
12537
12538
1254
12540
12541
12542
12543
12544
12546
12547
12548
12549
1255
12550
1256
12563
12565
12566
12568
12569
1257
1258
12580
12581
12583
12584
12585
12586
12592
12593
12595
12597
12605
12606
12607
12608
12609
12610
12611
12612
12615
12616
1265
1267
1269
127
1271
12725
12726
1273
12733
12734
12736
12740
12741
12742
12743
12746
12747
12748
12753
12754
12755
12759
12760
12762
12763
12764
12765
12766
12767
12768
12769
1277
12770
12771
12772
12773
12774
12775
12777
1278
12786
12788
12811
12812
12813
12823
12828
1283
1284
12849
12851
12852
12855
12857
12858
12861
12862
12863
12864
12866
12867
12868
12869
12870
12871
12872
12873
12875
12887
12888
12889
12890
12894
129
12903
12906
12907
12908
12909
12910
12918
12919
12920
12921
12922
12941
12946
12948
12951
12952
12954
12955
12956
12962
12963
12964
12967
12970
12973
12978
12991
12992
12993
12994
12995
12996
12998
12999
13000
13001
13002
13003
13005
13006
13041
13060
13061
13072
13074
13076
13078
13079
13080
13081
13086
13087
13088
13119
13120
13124
13125
13126
13127
13128
13129
13130
13131
13132
13133
13134
13135
13136
13137
13138
13139
13140
13141
13142
13143
13145
13146
13147
13149
13151
13152
13153
13162
13163
13164
13165
13166
13167
13168
13169
13170
13174
13175
13176
13183
13188
13205
13207
13208
13211
13213
13214
13215
13219
13220
13222
13228
13229
13230
13232
13236
13237
13238
13239
13240
13241
13245
13246
13247
13248
13249
13252
13253
13254
13255
13256
13257
13258
13259
13270
13276
13290
133
13335
13336
13354
13355
13361
134
135
13503
13509
13510
13511
13545
13557
13577
13581
13582
13583
13584
13585
13586
13587
13589
13600
13601
13602
13603
13604
13668
13677
13687
13696
13699
137
13700
13713
13714
13715
13716
13717
13718
13719
13720
13721
13724
13726
13728
13729
13730
13731
13732
13736
13737
13738
13739
13740
13741
13742
13743
13744
13745
13746
13747
13803
13975
13976
13979
13982
13988
13989
13990
13991
13992
13993
13994
13995
13996
13997
13998
14
14005
14013
14014
14015
14017
14018
14020
14021
14022
14023
14024
14025
14026
14027
14028
14029
14030
14031
14032
14033
14034
14035
14037
14038
14039
14041
14042
14043
14044
14045
14046
14047
14050
14051
14052
14053
14054
14055
14056
14057
14058
14062
14064
14065
14068
14069
14071
14074
14076
14077
14078
14079
14080
14081
14082
14083
14084
14086
14087
14090
14091
14097
14098
14100
14101
14102
14106
14107
14108
14109
14110
14111
14113
14114
14115
14116
14117
14118
14119
14120
14121
14122
14123
14125
14126
14127
14128
14129
14130
14131
14132
14133
14134
14135
14136
14137
14138
14139
14140
14145
14146
14147
14148
14149
14150
14151
14152
14153
14154
14155
14156
14157
14158
14159
14160
14164
14168
14169
14242
14243
14244
14245
14246
14247
14254
14259
14287
14289
14290
14291
14293
14296
14297
14308
14317
14318
14319
14320
14331
14333
14335
14339
14340
14342
14346
14347
14348
14349
14350
14351
14352
14353
14354
14355
14356
14357
14358
14360
14361
14362
14363
14364
14365
14367
14370
14371
14372
14373
14374
14375
14376
14377
14378
14383
14410
14411
14413
14414
14415
14416
14421
14423
14425
14426
14427
14428
14429
14430
14431
14432
14434
14445
14447
14448
14449
14451
14452
14453
14463
14464
14465
14466
14467
14468
14469
14470
14471
14473
14476
14478
14479
14480
14484
14488
14489
14490
14492
14494
14495
14496
14497
14498
14499
14500
14501
14502
14503
14504
14505
14506
14507
14508
14509
14510
14511
14512
14513
14514
14515
14516
14517
14518
14519
14520
14521
14522
14523
14524
14527
14528
14529
14530
14531
14532
14540
14548
14549
14550
14551
14552
14553
14554
14555
14557
14558
14559
14560
14561
14562
14575
14579
14581
14582
14583
14585
14586
14587
14588
14589
14591
14592
14593
14594
14595
14596
14597
14598
14599
14601
14602
14603
14604
14605
14608
14612
14613
14614
14615
14616
14617
14618
14619
14620
14621
14622
14623
14624
14629
14631
14636
14640
14642
14658
14663
14664
14686
14687
14690
14691
14692
14693
14694
14695
14696
14697
14698
14706
14715
14719
14720
14721
14722
14723
14724
14725
14728
14729
1473
14730
14731
14734
14735
14736
14737
14739
1474
14740
14741
14742
14743
14749
14797
14798
14799
14808
14809
14810
14811
14838
14839
14840
14841
14842
14843
14844
14845
14846
14855
14861
14862
14864
14865
14867
14868
14869
14870
14871
14872
14873
14885
14886
14891
14895
14903
14927
14928
14930
14931
14932
14936
14937
14941
14942
14943
14944
14945
14946
14947
14950
14951
14952
14954
14955
14962
14964
14965
14968
14969
14971
14972
14973
14975
14976
14979
14980
14981
14982
14983
14984
14985
14987
14988
14989
14990
14991
14996
14997
14998
14999
150
15009
15021
15037
15038
15039
15040
15041
15042
15044
15046
15049
15055
15056
15057
15058
15065
15066
15067
15071
15076
15077
15078
15088
15097
15098
15099
151
1515
152
15579
15581
15582
15590
15591
15592
15595
15596
15597
15598
15599
15600
15601
15602
15603
15604
15605
15606
15607
15619
15620
15622
157
15745
15746
15754
15755
15756
15758
15759
15762
15763
15777
15783
15784
15785
15786
15787
15788
158
15800
15801
15812
15831
15838
15839
15841
15843
15844
15846
15847
15858
15867
15868
15869
15870
15871
15872
15873
15874
15875
15878
15879
15881
15882
15887
15888
159
15902
15903
15904
15905
15908
15909
15916
15925
1593
15930
15931
1594
15941
15942
15953
15965
15973
15974
15975
15976
15977
15978
15979
15980
15982
15983
15987
15988
15994
15995
15996
15997
15999
16000
16001
16002
16003
16004
16005
16007
16008
16017
16028
16029
1603
16030
16031
16033
16035
16036
16039
16040
16041
16042
16043
16044
16053
16054
16055
16057
16058
16059
16060
16061
16062
16064
16065
16066
16069
16075
16076
16077
16078
16079
16080
16081
16082
16083
16084
16085
16086
16087
16088
16092
16093
16107
16108
16110
16140
16141
16142
16153
16154
16155
16168
16169
16170
16171
16173
16174
16175
16179
16188
16195
16235
16236
16237
16239
16253
16276
16277
16278
16280
16282
16283
16284
16312
16313
16345
16346
16347
16348
16349
16350
16351
16368
16369
16370
16371
16372
16373
16374
16377
16378
16379
16383
16384
16387
16391
16396
16397
16398
16402
16404
16406
16407
16408
16409
16414
16415
16417
16418
16422
16427
16428
16429
16433
16435
16438
16446
16447
16448
16449
16450
16451
16452
16453
16454
16455
16459
16461
16462
16463
16464
16465
16466
16467
16468
16469
16476
16480
16481
16483
16484
16486
16487
16488
16490
16532
16536
16537
16538
16539
16542
16543
16544
16545
16553
16554
16555
16556
16557
16558
16562
16563
16564
16565
16566
16567
16568
16569
16570
16573
16576
16577
16579
16597
16605
16606
16609
16612
16614
16615
16616
16617
16618
16619
16620
16631
16632
16634
16635
16636
16639
16645
16646
16647
16660
16661
16662
16663
16664
16665
16669
16670
16671
16679
16680
16699
167
16700
16701
16702
16705
16706
16707
16708
16709
16710
16711
16712
16713
16714
16715
16716
16723
16727
16728
16730
16731
16732
16745
16790
16791
16792
16796
16797
16805
16806
16807
16808
16809
16811
16812
16813
16814
16815
16816
16817
16818
16819
16820
16821
16822
16823
16824
16825
16826
16829
16830
16831
16832
16835
16836
16840
16841
16842
16843
16852
16853
16854
16855
16856
16857
16858
16859
16861
16862
16863
16894
16897
16901
16903
16906
16907
16915
16922
16923
16924
16925
16926
16928
16934
16935
16936
16942
16944
16946
16947
16948
16949
16950
16951
16952
16953
16955
16957
16959
16960
16961
16964
16965
16966
16967
16968
16969
16970
1698
16991
16992
16993
16994
16995
16996
16997
16998
17001
17002
17003
17004
17005
17006
17007
17008
17009
1701
17010
17011
17012
17013
17014
17015
17016
17017
17018
17020
17023
17034
17036
17069
17070
17071
17072
171
17220
17228
17229
17230
17231
17232
17233
17234
17235
17236
17237
17241
17249
17250
17254
17255
17265
17283
17285
17286
17320
17330
17331
17348
17349
17350
17351
17352
17389
17390
17403
17408
17411
17413
17484
17485
17486
17495
17496
17497
17498
17499
17500
17501
17502
17503
17505
17506
17507
17508
17509
17510
17511
17542
17543
17577
17582
17583
17584
17585
17586
1762
17620
17746
17747
17748
17757
17758
17759
17760
17761
17762
17763
17764
17765
17766
17767
17781
17782
17783
17784
17785
17786
17787
17788
17798
17799
178
17800
17801
17802
17803
17814
17831
17837
17839
17847
17849
17852
17853
17854
17855
17856
17857
17858
179
180
1804
1805
18074
18075
18076
18079
18080
18081
18082
18083
18084
18094
18105
18106
18107
18129
18130
18137
18155
18156
18157
18165
18166
18182
18183
18184
18185
18186
18189
18190
18191
18193
18194
18196
1826
18264
18267
1827
18271
18272
18273
18278
1828
18286
18287
18288
18297
18298
183
1830
18300
18302
18308
18309
18310
1832
1833
184
18431
1848
185
1850
1851
1853
18571
18572
18573
18574
18575
18576
18581
18588
18593
186
18602
18604
18605
18621
18623
18626
18632
18633
18635
18636
18637
18642
18651
18652
18653
18654
18655
18656
18657
18658
18659
18660
18661
18662
18664
18665
18666
18667
18668
18669
18670
18671
18672
18673
18674
18676
18677
18678
18679
18680
18681
18682
18683
18684
18685
18686
18687
18688
18689
18690
18691
18692
18693
18694
18695
18696
187
18712
18713
18714
18715
18721
18738
18739
18743
18749
18750
18751
18773
18776
18779
18798
18799
188
18804
18806
18807
18808
18810
18859
18860
18864
18865
18866
18871
18872
18875
18879
18880
18881
18882
18883
18885
18886
18889
18890
18891
18892
189
18908
18916
18917
18918
18919
18920
18921
18922
18923
18924
18925
18926
18927
18928
18929
18930
18931
18932
18933
18934
18935
18936
18937
18938
18939
18942
18952
18953
18954
18955
18956
18957
18958
18959
18973
18974
18975
18976
18977
18978
18990
18995
18996
18997
18998
18999
190
19000
19001
19002
19003
19004
19005
19006
19007
19008
19009
19010
19011
19012
19013
19026
19027
19028
19030
19032
19033
19035
19036
19037
19039
19045
19046
19050
19051
19052
19053
19054
19055
19056
19057
19058
19059
19060
19061
19077
19078
19079
19080
19081
19082
19083
19084
19086
19087
19088
19089
19090
19096
191
19100
19104
19106
19107
19108
19109
19110
19111
19112
19113
19114
19115
19117
19118
19119
19120
19121
19122
19123
19124
19130
19131
19132
19133
19134
19135
192
19258
19260
19261
19273
19274
193
19321
19336
19337
19338
194
19437
19438
19439
19455
19456
19458
19459
19460
19461
19462
19463
19466
19467
19468
19474
19475
19476
19478
19480
19489
19496
19498
19499
195
19500
19501
19542
19582
19583
19593
19594
19595
19596
19597
19598
19599
196
19601
19602
19613
19623
19624
19625
19626
19627
19628
19629
19630
19631
19638
19639
19640
19641
19642
19643
19644
19645
19646
19647
19648
19649
19651
19664
19666
19676
19677
19696
19698
197
19701
19702
19703
19704
19705
19706
19708
19734
19735
19736
19737
19739
19740
19741
19742
19745
19746
19747
19748
19749
19763
19764
19765
19766
19767
19769
19770
19771
19772
198
19803
19804
19805
19807
19808
19809
19810
19811
19812
19813
19822
19832
19833
19834
19835
19836
19839
19840
19863
19864
19865
19866
19868
19869
19870
19871
19872
19875
19879
19880
19881
19882
19883
19884
19885
19888
19889
19890
19891
19892
19893
199
19901
19902
19903
19909
19910
19912
19920
19921
19922
19926
19939
19943
19944
19945
19946
19947
19948
19949
19950
19951
19955
19956
19975
19976
19977
19978
19981
19982
19983
19986
19987
19990
19991
19992
19993
19994
19995
19996
19997
19998
19999
200
20000
20001
20002
20005
20006
20009
20013
20014
20015
20016
20017
20018
20019
20027
201
2017
2018
202
2020
2021
20223
20224
20225
20226
20227
20228
20229
20232
20233
20234
20235
20236
20237
20238
20239
20240
20241
20242
20243
20244
20245
20250
20251
20253
20254
20255
20256
20258
20260
20262
20264
20266
20267
20268
20269
20272
20274
20275
20277
20281
20284
20287
20290
20291
20292
20293
203
20300
20314
20315
20323
20325
20328
20330
20331
20332
20333
20334
20336
20340
20341
20343
20344
20346
20347
20348
20350
20351
20364
20370
20371
20372
20373
20374
20376
20378
20379
20380
20381
20382
20383
20384
20385
20386
20387
20388
20390
20394
20395
20396
204
20451
20454
20457
20458
20470
20471
20472
20473
20477
20487
20492
20493
20501
20502
20503
20504
20505
20506
20507
20509
20510
20512
20515
20516
20518
20519
20520
20521
20522
20523
20524
20526
20527
20528
20534
20535
20542
20551
20563
20569
20571
20594
20595
20597
20598
20599
206
20600
20602
20603
20604
20605
20606
20607
20608
20612
20613
20620
20624
20625
20637
20644
20648
20652
20653
20655
20656
20657
20658
20659
20660
20661
20662
20664
20665
20666
20667
20668
20669
20672
20673
20674
20675
20676
20692
20693
20694
20695
20696
20698
20699
20700
20702
20704
20705
20706
20707
20708
20709
208
20811
20812
20813
20814
20815
20817
20819
20820
20821
20829
20830
20831
20833
20836
20850
20851
20852
20871
20872
20874
20875
20877
20878
20898
20900
20908
20922
20923
20924
20925
20926
20927
20928
20929
20930
20931
20932
20933
21168
21175
21194
21195
212
21200
21203
21208
21227
21228
21230
21232
21233
21234
21235
21247
21249
21250
21252
21271
21278
21279
21280
21281
21282
21283
21284
213
21343
21365
21376
21395
21396
214
21414
21415
21416
21417
21418
21419
21420
21421
21422
21423
21424
21425
21426
21427
21428
21429
21430
21431
21432
21433
21434
21435
21436
21437
21438
21439
21440
21441
21442
21444
21445
21454
21455
21456
21464
21465
21485
21486
215
21520
21521
21525
21526
21556
21557
21558
21559
21561
21564
21565
21576
21594
21595
216
21603
217
218
21884
21888
21890
219
21924
22086
22091
22093
221
22102
22103
22109
22166
22182
22186
22187
22189
22191
22209
22210
22211
22212
22260
22265
22274
22277
223
22309
22310
22311
22316
22317
22318
224
2243
2244
2245
2246
2248
2249
225
22589
22590
227
2270
2273
22738
22756
22757
22766
22767
22789
22795
22797
22798
22799
2281
22851
22852
22853
22891
22922
22926
22929
22930
22937
22938
22939
22940
23697
23698
23699
23763
23764
23866
24708
24709
24711
24712
24713
24714
24715
24716
24717
24718
24719
24723
24728
24730
24731
24733
24734
24736
24739
24741
24745
24747
24750
24751
24752
24753
24754
24755
24756
24757
24758
24759
24760
24761
24762
24763
24764
24765
24766
24773
24774
24775
24776
24777
24779
24780
24781
24782
24784
24785
24788
24793
24794
24800
24801
24803
24804
24813
24815
24822
24836
24840
24841
24842
24843
24844
24845
24846
24848
24850
24860
24865
24866
24867
24868
24869
24870
24871
24872
24891
24893
24899
24907
24911
24913
24914
24915
24916
24917
24918
24919
24921
24922
24923
24924
24925
24926
24927
24931
24932
24935
24936
24937
24938
24939
24940
24976
24977
25002
25004
25006
25021
25022
25023
25024
25025
25026
25027
25028
25029
25030
25032
25054
25055
25056
25057
25058
25059
25060
25061
25063
25064
25065
25066
25067
25069
2507
25070
25071
25072
25073
25074
25075
25076
25077
25078
25079
25080
25081
25082
25083
25084
25085
25086
25087
25088
25089
25094
25099
2510
25100
25101
25102
25104
25106
25108
25109
2511
25111
2512
2515
2517
2518
25182
25187
25189
2519
25190
2520
25209
25214
2522
25224
2523
25247
25248
25249
2525
25251
25252
25255
25257
25263
25268
25271
25291
25293
25305
25306
25307
25309
25310
25347
25348
25349
25350
25352
25353
25354
25355
25356
25357
25358
25359
25360
25361
25362
25363
25364
25365
25366
25367
25368
25369
25370
25371
25372
25373
25374
25375
25376
25377
25378
25379
2538
25380
25381
25382
2539
25397
254
25401
25405
25407
25408
25409
25410
25411
25420
25423
25424
25425
25426
25427
25428
25429
25430
25431
25432
25433
25446
25449
2545
25455
25458
25460
25461
25462
25463
25465
25466
25487
25488
25489
25490
25508
25510
25511
25515
25517
25518
25519
25521
25526
25527
25551
25552
25553
25556
25557
25567
25568
25575
256
2560
2561
25616
2562
25627
25628
25629
2563
25630
25631
25632
25635
25637
2564
25649
2565
25650
25652
25654
25655
2566
2567
2568
25696
257
25704
25705
25706
25709
2571
25711
2572
2573
25767
25774
25779
25794
25812
25813
2582
2583
25839
25840
25841
25843
25844
25846
25847
25848
25849
25850
25851
25857
25858
2587
25883
25884
25885
25886
25887
25888
25889
25890
25891
25899
25900
25904
25906
2591
25911
25912
25913
25914
25915
25916
25917
25918
25919
2592
25920
25921
25923
25924
25925
2593
25933
25937
25938
2594
25940
25941
25949
2595
25950
25951
25952
25953
25954
25956
25957
2596
25967
2597
2598
2599
260
26102
26103
26104
26105
26106
26107
26108
26109
26160
26161
26162
26163
26164
26165
26166
26169
26178
2619
2620
26209
2621
2622
26228
26229
2623
26230
26231
26232
26233
26234
26237
26238
2624
26240
26244
2625
26255
26256
26257
2626
2629
2630
2631
2632
2633
26330
26331
26332
26333
26334
26337
26338
2634
2635
2636
2637
26375
26376
26377
26378
26379
2638
26384
26386
26388
2645
2646
2647
26478
26479
2648
26480
26482
26488
2649
26495
26496
26497
26498
26499
26500
26501
26502
26503
26504
26506
26508
26509
26510
26511
26512
26513
26514
2652
2653
26530
26532
2654
26540
26547
2655
2656
2657
26572
26574
2658
26585
2659
26594
26595
26596
26597
26599
2660
26600
26607
26608
26609
2661
26610
26611
26612
26613
26618
26619
2662
26620
26621
26624
26626
2663
26704
26708
26709
26710
26711
26715
26716
26718
26724
2673
26731
26732
26736
26739
2674
26741
26742
26743
26745
26747
26748
2675
26761
26763
26766
26767
26773
26777
26778
26779
26782
26783
26784
26785
26786
26787
26788
26789
2679
26792
26793
2680
26801
26802
26804
26809
2681
26810
26811
26812
26813
26814
26851
26873
26875
26876
26877
26878
26879
26880
26881
26882
26883
26884
26885
26886
26887
26888
26891
26892
26893
26894
26895
26896
26898
26901
26904
26905
26906
26907
26908
26909
26910
26911
26920
26921
26933
26934
26937
26938
26939
26940
26941
26943
26944
26945
26946
26948
26951
26955
26956
26958
26963
26964
26987
26988
26989
26993
26995
270
27003
27088
27139
27140
27154
27188
27191
27192
272
27220
27226
27228
27231
27232
27233
27235
27236
27239
27240
27241
27244
27248
27249
27250
27251
27252
27253
27254
27255
27260
27261
27262
27263
27264
27265
27266
27267
27268
27269
27270
27271
27273
27275
27299
27300
27302
27312
2733
27336
27337
27339
2734
27340
2735
27350
27351
27354
27355
27356
27357
27358
27359
2736
27360
27361
27362
27363
27369
2737
2738
27592
27597
27598
27600
27601
27602
27611
27615
2763
27665
27666
27667
27689
27691
27702
27704
27705
27713
27714
27715
27749
27750
27751
27753
27755
27757
27758
27759
27760
27761
27762
27763
27772
27773
27779
27780
27781
27782
27783
2779
27795
27796
27797
27798
2781
2782
27843
27850
27852
27861
27862
27873
27875
27876
27877
27878
27879
27880
27881
27882
27883
27884
27885
27886
27887
27888
27889
27890
27891
27894
27897
27923
27924
27925
27927
27928
27930
27931
27932
27933
27948
27949
27950
27951
27952
27953
27954
27955
27972
28061
28062
28063
28064
28075
28076
28077
28078
28079
28080
28081
28082
28083
28084
28086
28087
28089
28110
28112
28113
28114
28118
28122
28126
28132
28187
28192
28238
28697
28698
28700
28702
28741
28742
28743
28744
28745
28746
28747
28748
28749
28750
28751
28752
28755
28756
28759
28760
28762
28763
28764
28765
28907
28908
28913
28927
28928
28930
28932
28952
28972
29004
29005
29008
29010
29012
29013
29045
29046
29047
29048
29049
29056
29057
29070
29091
29098
29099
29124
29125
29126
29127
29128
29141
29142
29144
29147
2915
29163
29164
2917
2918
2920
2921
2923
29287
29297
29308
29329
29373
29374
29375
29376
29377
29392
29393
29395
29396
29397
29399
29408
29415
29416
29417
29418
29419
29420
29421
29425
29429
29432
29433
29435
29436
29437
29438
29439
29443
29444
29447
29448
29449
2945
29451
29454
29455
29456
29457
29458
2946
29464
2947
29474
29479
2948
29483
29484
29485
29486
29490
29492
29493
29494
29495
29496
29512
29513
29514
29515
29516
29517
29518
2952
29526
29527
29528
29529
2953
29530
29531
29532
29533
29534
29535
29536
29537
29538
29539
2954
29540
29541
29549
2955
29552
29553
29554
29555
29556
2956
29561
29571
29572
2958
2960
29618
29620
29632
29633
29644
29664
29665
29667
29674
29680
29681
29682
29683
29688
29690
29693
29701
29702
29703
29704
29713
29714
29715
29720
29721
29722
29723
29724
29725
29726
29730
29731
29732
29733
29734
29735
29736
29737
29738
29739
29740
29741
29742
29743
29744
29745
29747
29748
29749
29750
29751
29752
29753
29754
29755
29756
29757
29759
29761
29762
29763
29764
29784
29785
29786
29787
29804
29805
29806
29807
29808
29809
29810
29811
29812
29813
29814
29815
29816
29817
29913
29914
29915
29916
29917
29918
29919
29920
29921
29926
29927
29928
29929
29930
29931
29933
29934
29935
29936
29941
29942
29943
29954
29955
29957
29958
29959
29961
29963
29967
29968
29974
29975
29976
29977
29979
29980
29981
29982
29983
29984
29985
29986
29987
29988
29989
29990
29991
29998
29999
30
3000
30000
30001
30007
30009
3001
30013
30014
30015
30017
30018
30019
30020
30021
30022
30023
30024
30025
30026
30027
30028
30029
30030
30031
30032
30035
3004
30041
30044
30045
3005
30050
30051
30052
30053
30057
30058
30059
3006
30060
30061
30062
30069
3007
30071
30074
30075
30078
3008
3010
30101
30109
3011
30110
30111
30112
30113
30114
30115
30116
30117
30118
30119
3012
30120
30121
30125
30126
3013
3014
30140
30143
30144
3015
30154
30158
30159
3016
30161
30163
30164
3017
30185
30198
30207
30226
30330
30368
3037
3040
30421
30422
30442
30443
30444
30445
30449
30482
30485
30486
30487
30488
30489
30490
30491
30492
30493
30494
30495
30504
30505
30506
30507
30508
30514
30515
30517
30520
30522
30523
30524
30525
30526
30527
30528
30543
30545
30549
30550
30551
30552
30553
30554
30555
30556
30560
30561
30562
30563
30564
30565
30566
30567
30568
30569
30570
30571
30593
30598
30599
30600
30601
30602
30603
30604
30605
30772
30773
30774
3086
3088
3089
30897
309
30908
30910
30911
30912
310
31113
31114
31117
31118
31123
31126
31128
31129
31132
31133
31135
31136
31138
31142
31143
31144
31146
31147
31148
31149
31150
31161
31162
31167
31168
31169
31170
31171
31172
31173
31174
31175
31176
31199
312
31200
31206
31207
31210
31211
31212
31213
31214
31221
31222
31225
31226
31230
31231
31232
31233
31234
31235
31236
31237
31240
31242
31243
31245
31246
31254
31255
31256
31257
31258
31259
31260
31261
31266
31269
31270
31271
31272
31273
31274
31275
31276
31277
31284
31292
31293
313
31302
31303
31304
31305
31306
31307
31308
31309
31318
31320
31321
31322
31325
31326
31330
31333
31334
31335
31336
31337
31339
31340
31362
31363
31364
31365
31370
31373
31383
31384
31385
31386
31395
31422
31423
31424
31425
31426
31427
31490
31492
31493
31527
31532
31533
31534
31535
31536
31553
317
31705
31709
31710
31711
31712
31713
31714
31715
31716
31718
31722
31725
31726
31782
31783
31787
31795
31796
31798
31800
31803
31804
31805
31806
31807
31808
31809
31811
31812
31813
31814
31815
31816
31819
31824
31825
31826
31827
31828
31830
31834
31835
31839
31842
31843
31844
31853
31854
31857
31858
31859
31861
31862
31868
31869
31873
31875
31879
31887
31890
31893
31894
31895
31896
31897
31899
31900
31901
31902
31905
31906
31907
31908
31909
31910
31912
31914
3192
3193
3194
31940
31945
31946
31947
3196
31966
31967
3197
31971
31975
31989
31990
31992
31993
31996
32013
32015
32016
32017
32018
32019
32020
32021
32022
32023
32024
32025
32026
32027
32028
32029
32030
32032
32034
32036
32037
32045
32046
32047
32048
32050
32051
32053
32054
32055
32056
32060
32063
32064
32065
32066
32067
32068
32069
32070
32071
32072
32073
32074
32075
32076
32077
32078
32079
32080
32081
32082
32083
32084
32085
32086
32087
32104
32105
32106
32109
32129
32130
3215
32156
3216
3217
32177
32178
3218
3219
32190
32191
32192
32193
32194
3220
32211
32213
32215
32216
32217
32218
32220
32221
32222
32223
32224
32225
32227
32229
3223
32230
32233
32237
32238
3224
32245
32246
32247
32248
32249
3225
32255
32256
32257
32258
32259
3227
3228
32296
32314
32318
32331
32332
32336
32337
32362
32363
32364
32377
32378
32379
32435
32436
32437
32438
32439
32440
32441
32442
32443
32447
32448
32449
32450
32453
32454
32455
32456
32457
32458
32464
32470
32471
32473
32474
32483
32484
32485
32486
32487
32488
32489
32491
32499
32500
32502
32503
32504
32506
32507
32508
32509
32510
32511
32512
32513
32514
32515
32516
32517
32518
32519
32520
32521
32522
32523
32524
32525
32526
32528
32529
3253
32543
32544
3255
32552
32554
32556
32557
32558
32559
3256
32560
32561
32562
32563
32564
32565
32566
32567
32568
32569
32570
32571
32572
32573
32574
32575
32576
32577
32578
32589
32590
32613
32614
32615
32617
32618
32640
32641
32642
32643
32644
32645
32646
32647
32648
32658
32659
32672
32675
32683
32687
32688
32699
32703
32704
32707
32708
32709
32721
32733
32750
32752
32754
32755
32756
32757
32758
32759
32762
32763
32764
32783
32787
32791
32792
32794
32795
32796
32797
32798
32799
328
32820
32823
32844
32845
32846
32847
32848
32849
32850
32851
32853
32854
32855
32856
32857
32861
32863
32865
32866
32867
32868
32869
32870
32871
32872
32873
32874
32875
32876
32877
32878
32879
32880
32881
32882
32883
32884
32885
32886
32887
32888
32889
32890
32891
32892
32894
32895
32896
32897
32915
32916
32917
32918
32919
32921
32922
32928
32929
32930
32931
32932
32933
32934
32935
32936
32937
32938
32939
32940
32941
32970
32971
32972
32973
32977
32978
32979
32980
32981
32982
33
33057
33058
33059
33060
33062
33064
33066
33113
33114
33115
33116
33117
33163
33164
33165
33166
33167
33168
33169
33170
33190
33233
33234
33235
33236
33376
33378
33391
33393
33396
33402
33405
33420
33421
33434
33445
33446
33447
33448
33449
33450
33451
33452
33453
33469
33470
33471
33472
33473
33474
33479
33493
33494
33496
33502
33505
33539
33540
33541
33542
33552
33553
33554
33567
33568
33571
33572
33585
33593
33594
33595
33596
33597
336
33608
33611
33612
33615
33617
33618
33619
33620
33621
33622
33623
33624
33625
33626
33629
33630
33631
33632
33634
33638
33643
33644
33645
33646
33647
33648
33650
33651
33652
33653
33654
33655
33656
33657
33658
33659
33711
33712
33713
33714
33715
33834
33837
33838
33839
33840
33841
33842
33843
33844
33845
33846
33847
33848
33849
3385
33850
33851
33852
3390
33933
3395
33951
33953
33954
3396
33960
33965
33969
33972
33973
33976
33977
33978
33979
3398
33980
33981
33990
33991
33992
33993
3402
3404
3405
3411
3412
34199
3420
34200
34201
34206
34207
34209
34211
34212
34215
34217
34225
34227
34229
34234
34236
34242
34244
34245
34246
34247
34248
34249
34250
34251
34252
34254
34256
34257
34258
34260
34271
34272
34273
34274
34276
34277
34279
34280
34301
34302
34303
34305
34306
34307
34309
34310
34311
34312
34314
34315
34317
34318
34364
34365
34366
34367
34368
34369
34370
34371
34372
34373
34388
34389
34390
34392
34394
34395
34401
34406
34411
34413
34414
34433
34437
34459
34464
34465
34467
34475
34478
34479
34480
34481
34482
34483
34484
34492
34493
34494
34495
34497
34498
34500
34502
34513
34520
34567
34577
34578
34580
34582
34587
34589
34615
34616
34618
34619
34620
34621
34622
34623
34624
34625
34626
34627
34642
34643
34647
34648
34649
34650
34651
34652
34653
34674
34675
34677
34678
34679
34680
34682
34686
34728
34729
34730
34733
34940
34941
34944
34945
34946
34947
350
35133
35134
35141
35142
35143
35144
35145
35146
35147
35165
35166
35168
35171
35172
35173
35176
35189
35190
35191
35192
35193
35194
352
35213
35285
35290
35291
35333
35334
35335
35469
35489
35490
35491
35492
355
35506
35512
35514
35515
35516
356
35621
35622
35625
35627
357
35717
35718
35719
35720
35721
35722
35723
35724
35725
35726
35727
35728
35729
35730
35731
35747
35774
35775
35776
35779
35780
35784
35786
35787
35788
35812
35813
35819
35823
359
35912
35913
35923
35925
35947
35949
35952
35957
35960
35964
35966
35967
35969
35972
35979
35984
35987
35988
35990
36
36019
36035
36036
36037
36038
36041
36044
36099
361
36100
36104
36106
36114
36119
36124
36126
36128
36129
36130
36131
36132
36134
36135
36138
36140
36145
36147
362
363
3639
3641
3642
365
36587
36631
36636
36637
36640
36641
36642
36643
36644
36645
36646
36647
36649
36668
36683
36684
36685
36698
36699
36700
36701
36706
36707
36716
36718
36719
369
3691
3695
3699
37
37005
37006
37027
37028
37032
37033
37034
37036
37037
37038
37039
3704
37040
37041
37042
37046
37047
37054
37055
3707
3708
37138
37310
37353
37354
37355
37356
37357
37358
37359
37363
37365
37366
37396
37399
37400
37401
37402
37403
37404
37405
37410
37428
37616
37618
37640
37644
37646
37647
37648
37649
37650
37665
37666
37756
37764
37766
37834
37848
37849
37851
37852
37854
37855
37856
37873
37894
37958
37959
37960
37984
37985
37998
38001
38002
38003
38004
38009
38012
38014
38025
38027
38028
38029
38030
38031
3851
3853
3854
38548
38549
38550
38551
38567
3857
38570
3858
38589
3864
3865
3866
3867
3868
38681
3869
3870
3871
3872
38737
38738
3876
38866
38868
3887
38884
38889
38891
38893
38894
38896
38904
38907
38909
38911
38913
38914
3892
38922
38923
38926
38927
3893
38935
3894
3895
38966
38967
38968
38969
38970
39
39039
39074
39076
39166
39167
39168
39169
3917
39170
39171
39172
39173
39174
39175
39176
39177
3921
3922
3924
3942
3943
3944
3945
3954
3955
3956
3957
3958
39589
3959
39592
3963
3964
3965
3966
39756
39757
39758
39760
39796
39797
39798
39801
39802
39803
39804
39805
39811
39812
39813
39814
39815
39816
3983
39831
39833
3984
3985
3986
3987
3988
3989
40
40205
40209
40210
40211
40214
40215
40216
40222
40228
40229
40230
40232
40234
40235
40236
40237
40238
40239
40240
40241
40242
40243
40244
40245
40246
40247
40248
40250
40252
40255
40256
40257
40258
40259
40261
40262
40263
40264
40268
40269
40276
4028
4029
40290
40293
40298
40301
40302
40318
40328
40330
40331
40333
40336
40340
40344
40345
40347
40348
40349
40350
40353
40354
40359
40360
40361
4037
4038
40383
40384
40385
40386
40387
40388
40389
40390
40392
40393
40395
40402
40404
40407
40409
40415
40417
40418
40421
40422
40423
40424
40425
40426
40427
40431
40434
40436
40437
40450
40454
40455
40456
40457
40458
40459
40460
40461
40468
40472
40474
40475
40479
40511
4053
40531
40532
40534
4054
4055
4056
4059
40591
4060
40606
40609
4061
40610
40611
40612
40613
40614
40616
40617
40618
40619
40622
40624
40625
4063
40657
40680
40681
40682
40683
40709
40753
40757
40758
40767
40769
40771
40772
40774
40775
40777
40778
4078
40791
40792
4080
40802
40805
40806
40807
4081
40810
40811
40812
40813
40814
40815
40816
40817
40818
40819
40820
40821
40822
40823
40824
40826
40828
40831
40833
40834
40835
40836
40839
40840
40843
41
41097
41099
41100
41107
41108
41111
41112
41128
41129
41130
41131
41132
41133
41134
41142
41144
41148
41179
41183
41185
41246
41249
41250
41251
41252
41266
4156
4157
4159
4160
4163
4164
4165
4166
4168
4211
4212
4213
4214
4215
42171
42172
42178
42191
42208
42209
42210
42218
42221
42254
42256
42340
4239
42411
42412
42413
42416
42419
4242
42420
42421
42422
42423
42424
42425
42426
42427
42429
42430
42435
42436
42439
42440
42441
42442
42443
42444
42445
42446
42447
42448
42450
42451
42453
42534
42536
42538
42548
42549
42550
42551
42553
42618
42708
42709
4271
42710
42712
42717
42718
4273
42734
42735
42736
42737
42738
42739
4274
42740
42741
42742
42746
42747
42750
42751
42752
42756
42757
42758
42759
4276
4277
42905
43
4303
4304
4305
4306
4307
43098
43100
43101
43130
43131
43132
43133
43135
4316
43334
43335
43336
43337
43338
43345
43347
43349
43352
43365
43366
43367
43368
43369
43370
43371
43372
43373
43374
43376
43377
43378
43519
43591
4366
4367
4369
43699
4370
43702
43710
43711
43712
43714
43715
43716
43718
43723
43727
43728
43729
43730
43731
43732
43733
43734
43735
43736
43768
43769
43776
43805
43806
43807
43808
43809
4381
43810
4382
4383
43840
43841
43847
43848
43849
43850
43851
43852
43853
43854
43856
43857
43863
4389
4390
4391
43914
4392
43922
43923
43924
43925
43926
43927
43928
43929
4393
43931
43932
43933
43934
43935
43936
43937
43938
43939
43940
43941
43942
43945
43949
43950
43951
43952
43953
43955
43957
43958
4396
43960
44031
44036
44038
44040
44044
44045
44046
44049
44050
44052
44053
44054
44055
44056
44061
44069
44082
44100
44119
44120
44123
44124
44125
44126
44127
44129
44134
44138
44139
44147
44180
44181
44182
44184
44185
44186
44187
44190
4422
4423
4424
44376
44377
44379
44380
44381
44382
44383
44385
44387
44390
44391
44392
44393
44394
44395
44399
44400
44402
44403
44404
44405
44406
44407
44408
44409
44410
44411
44412
44413
44414
44415
44416
44417
44418
44419
44420
44421
44422
44423
44424
44425
44426
44427
44430
44431
44432
44433
44461
44462
44463
44464
44465
44466
44468
44469
44470
44471
44472
44473
44479
44480
44481
44488
44490
44502
44518
44527
44621
44671
44672
44673
44675
44677
44678
44680
44681
44684
44685
44687
44688
44689
44690
447
44745
44747
44748
44749
44751
44752
44756
44757
44758
44759
44761
44762
44764
448
44801
44802
44803
44845
44846
44849
44889
44894
449
44973
44976
44977
44978
44979
44982
44983
44984
44994
45
4500
45002
45003
45004
4502
45041
45042
45043
45044
4515
4516
4517
4518
4519
45200
45201
45202
45205
45206
45207
45208
45209
45210
45211
45212
45213
45214
45215
45216
45217
45218
45219
45228
4524
45248
45249
45250
45254
45255
45256
45257
45258
45259
45260
45261
45262
45263
45264
45265
45267
45268
45269
45272
45273
45274
45275
45276
45277
45278
45280
45294
45296
45297
45302
45303
45305
45310
45311
45312
45315
45316
45323
45413
45424
45425
45426
45427
45429
45435
45436
45437
45438
45439
45440
45441
45442
45443
45449
4545
45450
45451
45452
45453
45454
45455
45456
45457
45458
45459
45463
45464
45465
45466
45467
45468
45469
45470
45471
45472
45473
45474
45475
45476
45477
45482
45485
455
4551
4552
4554
4555
4556
45562
45563
45564
4558
45587
4559
45590
45591
45592
45593
45594
45595
45596
456
4560
45603
4567
4568
4569
457
4573
4574
4575
4576
4577
4581
4582
4588
45939
45949
45962
45994
45995
45996
45997
45998
45999
4600
46001
46002
46003
46004
46005
46006
4601
46075
46076
4640
4641
4642
4643
4644
4645
4646
4647
4648
46487
46488
4649
46490
46491
46492
4650
46506
4651
46510
46511
46520
46526
4653
4654
4655
4656
4657
4658
4659
4660
4661
4662
4663
4665
4666
4668
4669
4670
4675
4677
4678
4679
46821
46822
46823
4683
4684
4704
4708
4711
4725
4726
4727
4728
4729
4730
4731
4732
4734
4742
4744
4745
4746
4747
4748
4749
4751
4753
4754
4755
4758
4759
4762
4763
4764
4765
4766
4767
4769
4770
4771
4772
4775
4776
4777
4779
4781
4784
4786
4789
4790
4791
4792
4793
4794
4795
4796
4797
4798
4799
48
4800
4801
4802
4803
4804
4807
4809
4810
4811
4812
4814
4817
4818
4820
4821
4822
4823
4826
4827
4829
4832
4834
4835
4836
4837
4838
4840
4841
4842
4843
4844
4846
4848
4849
4850
4852
4855
4856
4857
4861
4862
4882
4883
4884
4885
4886
4887
4888
4889
4890
4891
4892
4893
4894
4895
4896
4902
4907
4909
4910
4911
4912
4913
4914
4915
4916
4917
4921
4923
4928
4929
4971
4972
4973
4974
4975
4983
4985
4988
4989
4990
4991
4992
4993
4994
4998
5000
5010
5014
5016
5018
5019
5020
5021
5022
5023
5024
5025
5026
5027
5028
5029
5030
5084
5085
5086
5087
5088
5089
5090
5091
5092
5093
5094
5095
5096
5097
5098
5099
5102
5106
5115
5116
5118
5119
5125
5126
5127
5128
5129
5130
5139
514
5141
5142
515
516
517
5174
5187
5190
5192
5214
5221
5224
5225
5227
5231
5232
5266
5268
5269
5270
5272
5274
5280
5281
5287
5289
5316
5333
5350
5351
5352
5365
5366
5367
5368
5369
5370
5371
5372
5373
5374
5379
5380
5381
5384
5385
5386
5387
5388
5389
5391
5392
5393
5394
5396
5397
5398
5401
5404
5405
5406
5407
5408
5409
5410
5411
5413
5416
5421
5422
5434
5436
5437
5438
5439
5440
5441
5442
5443
5444
5445
5446
5447
5448
5449
5457
5458
5459
5465
5466
5468
5469
5470
5471
5474
5481
5482
5483
5484
5485
5486
5487
5488
5489
5490
5491
5492
5494
5496
5497
5498
5501
5502
5503
5504
5505
5506
5507
5508
5509
5510
5511
5512
5513
5514
5515
5516
5517
5519
5521
5525
5527
5528
5529
5530
5531
5532
5536
5537
5540
5541
5545
5550
5551
5552
5553
5555
5556
5557
5558
5567
5572
5575
5579
5581
5584
5585
5587
5588
5591
5592
5593
5594
5595
5596
5597
5606
5619
5622
5630
5638
5645
5646
5647
5648
5649
5651
5659
5660
5661
5662
5663
5664
5665
5666
5669
5671
5673
5676
5681
5683
5684
5685
5686
5687
5688
5689
569
5690
5691
5692
5694
5697
5699
570
5703
5704
5705
5706
5707
5708
5709
5714
5716
5717
5718
5719
5720
5721
5722
5723
5724
5725
5726
5727
5728
5729
573
5730
5731
5732
574
5767
5768
5769
5770
5773
5776
5779
5786
5791
5792
5793
5794
5795
5796
5865
5866
5867
5871
5872
5873
5874
5875
5876
5878
5879
588
5880
5881
5882
590
5911
5912
5913
5914
5915
592
593
5935
5938
5939
5940
5941
5943
5949
595
5958
596
5969
597
598
6
605
607
608
609
6096
6097
6098
610
611
612
6120
6121
6122
6123
613
614
6148
6149
615
6151
6152
6153
6154
6155
617
618
619
620
621
622
623
6230
6231
6232
6234
6235
624
6242
625
626
6266
6267
6268
627
6272
628
6281
6283
6284
6286
6288
6289
629
6290
6291
630
631
6313
6320
6321
6326
633
6333
6339
634
6340
64
6401
6403
6407
6408
6409
641
6410
6411
6415
6418
6419
642
6420
6424
643
644
645
646
6463
6464
6469
647
6471
6472
6473
6474
648
6484
6488
649
65
651
652
653
654
655
656
657
658
659
6598
660
6605
6606
661
6614
662
6629
6630
6631
6632
6633
6634
666
667
668
669
671
675
6754
6755
676
6791
6792
6793
6820
6821
6825
6826
6849
6850
6851
6852
6853
6870
6871
6872
6873
6874
6875
6876
6877
6878
6879
6880
6881
6882
6883
6914
6915
6920
6924
6929
6930
6931
6932
6933
6934
6945
6948
6951
6954
6961
6964
6965
6966
6969
6973
6976
6980
6981
6982
6984
6987
6988
6989
6993
6994
6995
6996
6999
7000
7001
7002
7003
7004
7005
702
7020
7021
704
7040
7042
7043
7044
705
7066
7067
7068
707
7070
708
709
71
710
7100
7103
7105
7106
7109
711
7119
7123
7131
7132
7133
7134
7135
7136
7137
7149
7162
7163
7164
7165
7167
7170
7171
7172
7173
7175
7179
7181
7184
719
7195
7198
7199
720
7200
7201
721
722
723
7231
7232
7234
724
725
726
727
7279
728
7282
7283
7284
7285
729
7292
7293
7294
7295
7296
7297
7307
7308
7309
7310
7311
7312
7314
7315
7316
7317
7318
7319
732
7320
735
7355
7357
7358
7359
7362
7365
7366
7367
7368
737
74
7437
7438
7439
7440
7449
7450
7451
7452
7455
7456
7457
7458
7459
7460
7461
7462
7519
7520
7522
7523
7524
7525
7528
7529
7542
7543
7544
757
76
763
7649
7654
7657
7659
7666
7667
7668
7669
7671
7674
7677
7678
7679
769
7698
7699
770
7700
7701
7702
7703
7704
7705
7707
771
7711
7713
7719
7720
7721
7722
7723
7724
7725
7726
7727
7728
7729
7730
7731
7732
7733
7734
7735
7736
7737
7739
7740
7741
7742
7743
7744
7745
7746
7747
7749
7750
7751
7752
7753
7754
7775
7793
7794
7795
7806
7812
7813
7821
7828
7829
7830
7834
7835
7836
7837
7838
7839
7840
7841
7842
7843
7844
7845
7846
7847
7848
7849
7850
7851
7853
7854
7855
7883
7885
7889
7891
7893
79
7904
7905
7917
7920
7921
7922
7923
7924
7926
7928
7930
7931
7932
7933
7934
7935
7936
7937
7938
7939
7940
7941
7943
7944
7946
7948
7949
7951
7952
7955
7957
7958
7960
7964
7965
7966
7967
7971
7972
7973
7975
7976
798
7990
7991
7993
7994
7996
7997
7998
7999
800
8000
8003
8004
8005
8006
8007
8008
8009
802
8020
8021
8023
8025
8026
810
8100
8103
8104
8105
811
8111
812
8121
8128
8129
8130
8131
8132
8133
8134
8136
8137
8138
814
8142
8145
8149
8150
8151
8152
8157
8158
8159
816
8160
8162
8163
8164
8165
8166
8167
8168
8169
817
8170
8174
8178
8179
818
8180
8181
8183
8184
8185
8186
8187
819
8193
8194
8195
8196
8198
821
8212
8215
8216
8217
8218
8219
822
8220
8221
8222
8223
8224
8225
8226
8227
8228
8231
8232
8233
8235
8236
8237
8238
8239
8240
8248
8253
8256
8257
8259
8261
8262
8263
8269
83
833
8356
8368
8369
8373
8375
8376
8377
8378
8380
8387
841
8413
8414
8415
8429
8431
8435
8436
8437
8439
8441
8442
8444
8445
8446
8447
8448
8449
845
8450
8458
846
8460
8461
8463
8464
8465
8468
8469
847
8476
8477
8478
8479
8481
8482
8483
8484
8486
8487
8488
8489
8490
8491
8492
8493
8494
8495
8496
8497
8498
8499
85
850
8500
8501
8502
8503
8504
8508
8518
8525
8528
8529
8533
8534
8535
8538
8539
8540
8541
8542
8543
8544
8545
8547
8548
8549
8550
8551
8552
8553
8554
8555
8556
8557
8558
8559
8560
8561
8562
8563
8564
8565
8594
8595
8596
8597
8598
8599
86
8602
8603
8604
8605
8606
8607
8608
8610
8611
8612
8613
8614
8615
8619
866
87
8702
8703
8704
8722
8723
8724
8725
8732
8733
8760
8761
8794
8795
8797
8803
8804
8805
8806
8807
8810
8811
8812
8814
8822
8823
8824
8834
8835
8836
8838
8839
8840
8841
8842
8843
8844
8845
8846
8884
8885
8886
8887
8888
8889
8890
8891
8892
8906
8907
8908
8909
8910
8911
8912
8913
8914
8932
8933
90
91
910
92
921
922
923
924
925
926
927
928
9288
93
9306
9307
9308
931
9311
9312
9315
9318
9319
932
9320
9321
9324
9325
9326
9327
9329
9331
9332
9333
9336
9337
9338
9339
934
9349
935
9361
9365
9366
9371
9375
9378
9380
9384
9385
9386
9387
9388
9389
94
9413
9414
9425
9433
9434
9435
9436
9437
9444
9445
9449
9450
9451
9452
9453
9454
9456
9457
9458
9464
9465
9466
9467
9469
9471
9472
9473
9475
9476
9478
9486
9487
9488
9489
9490
9491
9497
9499
95
9501
9513
9516
9554
9555
961
962
963
964
968
9681
9683
9690
9691
97
9700
9701
9705
9706
9707
9708
9709
971
9710
9711
9712
9713
9714
9715
9716
9717
972
975
9760
9761
9762
9763
9764
9765
9766
9767
9769
977
9771
9772
9773
9774
9775
9776
9777
9779
978
9780
9781
9782
9783
9786
9787
9788
979
980
981
982
9821
9822
9823
983
9832
9835
9836
9837
9838
9845
9861
9862
9863
9864
9865
9866
9867
9872
9873
9874
9875
9876
9877
9878
9888
9889
9896
9897
9920
9921
9922
9941
9944
9945
9946
9947
9948
9949
9950
9951
9952
9954
9964
9965
9966
9979
