1
100
1001
10012
10016
10033
10038
10043
10044
10045
10047
10048
10049
10050
10051
10053
10059
1006
10065
10066
10068
1007
10070
10073
10074
10075
10076
10077
10079
10081
10083
10084
10085
10086
10087
10089
10090
10091
10092
10093
10094
10095
10096
10097
1010
10100
10104
10120
10121
1013
10155
10156
10159
1016
10165
10168
10172
10173
10177
10183
1019
10192
10195
10196
10199
1020
10202
10203
10206
10209
1021
10211
10213
10214
10215
10217
10218
1022
10222
10223
10224
10225
10228
10230
10234
10235
10236
10238
10242
10243
10245
10247
1025
10253
10254
10255
10259
10261
10263
10266
10268
10274
10275
10276
10277
1028
10281
10282
10283
10284
10285
10287
1029
10290
10292
10295
10296
10299
103
10300
10301
10303
10304
10306
1031
1032
10325
1033
10333
1034
1035
10352
1036
10362
10363
10365
10373
10375
10387
10389
1039
10390
10391
10392
10393
10394
10399
104
1040
10403
10404
10407
1041
10413
10417
10418
1042
10423
10424
10425
10427
1043
10430
10433
10434
10436
10438
10439
10441
10443
10444
10445
10447
10448
10449
1045
10451
10452
10453
10461
10462
10467
10468
1047
10470
10477
10480
10487
10488
1049
10490
10491
10493
10494
10495
10500
10503
10504
10505
10506
10507
10508
10511
10515
10516
10517
10520
10522
10523
10525
10526
10527
10528
10529
10530
10531
10533
10534
10538
10539
1054
10541
10542
10544
10548
10549
10550
10553
10554
10555
10558
10559
10568
10569
10571
10572
10574
10575
10576
1058
10584
10588
10589
10590
10591
10594
10596
10597
10599
10600
10601
10604
10609
10613
10616
10619
1062
10623
10625
10628
1063
10633
10634
10638
10639
10640
10643
10647
10648
10653
10656
10657
1066
10663
10664
10665
10666
10668
10669
10670
10672
10675
10676
10678
1068
10680
10681
10683
10685
10686
1069
10694
10696
10698
1070
10700
10701
10704
10706
10707
10709
1071
10710
10713
10714
1072
10720
10722
10727
10728
10729
1073
10732
10734
10735
10738
10740
10742
10744
10745
10747
10748
10749
1075
10750
10751
10753
10757
10758
10763
10764
10765
10766
1077
10770
10771
10780
10782
10783
10784
10785
10786
10787
10789
10790
10796
10801
10802
10806
10807
10809
1081
10811
10812
10813
10820
10821
10824
10825
10828
10829
10832
10837
10838
10842
10850
10851
10852
1086
10861
10864
10865
10866
10867
10869
10870
10871
10872
10873
10876
10877
10882
10883
10884
10885
10889
1089
10891
10895
10896
109
1090
10903
10904
10905
10906
10909
1091
10912
10913
10915
1092
10920
10921
10922
10923
10924
10925
10926
1094
1095
1097
1098
1099
11
11014
11016
11017
11018
1103
11032
11036
11037
11038
11039
11044
11051
1111
11149
1115
11150
11152
11155
11156
11157
11158
11159
11160
11161
11169
1117
11173
11174
11177
1118
11180
11181
11182
11183
11184
11185
11186
11187
11189
11190
11191
11192
11193
11194
11195
11196
11197
11198
1120
11203
11205
11208
1121
11210
11211
11215
11220
11221
11222
11226
11233
11238
11244
11245
11249
1125
11252
11255
11258
11259
11260
11264
11265
11268
11275
11278
11279
11280
11281
11282
11283
11284
11285
11287
11289
1129
11290
11291
11292
11293
11295
11297
113
11303
11304
1131
11311
11321
11322
11323
11325
11326
11329
11330
11331
11332
11333
11334
11337
11339
11343
11344
11347
11348
11349
11350
11351
11352
11353
11355
11357
11358
1136
11361
11362
11363
11364
11365
11366
11367
11369
1137
11372
11373
11376
11379
1138
11380
11383
11384
11386
11387
11388
11389
11393
11394
114
11401
11403
11406
11408
11410
11413
11416
11420
11428
11430
11431
11432
11433
11434
11436
11437
11438
1144
11445
11446
11447
11448
11451
11452
11454
11455
11456
11457
1146
11463
11466
11467
1147
11470
11473
11474
11478
11479
11480
11481
11484
11485
11486
11487
11489
11490
11491
11492
11497
115
1150
11502
11505
11509
1151
11511
11522
11523
11525
11526
11527
11532
11536
11538
11539
11542
11544
11546
11548
11550
11551
11552
11554
11557
11558
11563
11565
11569
11576
11577
11578
1158
11581
11582
11584
11586
11588
1159
11590
11593
11595
11596
11597
116
1160
11602
11605
11606
11607
11609
1161
11610
11611
11612
11614
11616
11617
11618
11619
1162
11620
11621
11624
11625
11626
11629
1163
11630
11632
11633
11638
1164
11640
11643
11644
11645
11646
11649
11650
11652
11653
11655
11656
11657
11658
11660
11662
11664
11665
11668
11671
11672
11673
11681
11683
11684
11686
11687
11688
11689
1169
11691
11693
11698
117
11701
11702
11703
11705
11706
11707
11708
11709
11710
11711
11714
11715
11716
11717
11718
1172
11722
11723
11724
11725
11727
11728
11729
1173
11733
11734
11735
11736
11737
11738
1174
11740
11745
11746
11747
11748
1175
11750
11751
11752
11754
11755
11756
1176
11760
11762
11763
11764
11765
11766
11767
11768
11769
11772
11774
11775
11777
11780
11781
11782
11783
11785
11786
11787
11788
11789
11790
11791
11792
11793
11796
11798
1180
11800
11801
11805
11808
11810
11811
11812
11815
11816
11818
11820
11826
11827
11828
11829
11830
11834
11836
11838
11839
1184
11840
11841
11842
11844
11845
11847
11849
11857
1186
11862
11864
11866
11867
1187
11872
11875
11877
11878
11885
1189
1190
11925
11926
11928
11929
11934
11936
11938
11939
11940
11941
11945
11946
11947
11948
11950
11951
11952
11957
11959
11960
11962
11963
11965
11966
11967
11970
11971
11972
11973
11974
11975
11977
11979
1198
11982
11983
11985
1199
11994
11998
1200
12002
12004
12007
12009
12010
12017
12018
1202
12020
12021
12022
12024
12025
12027
12029
1203
12030
12035
12038
1204
12040
12043
12046
12047
12048
12055
12056
12057
12058
1207
12072
12074
12075
12077
12079
1208
12081
12083
12084
12085
12086
12087
12088
12089
12090
12091
12092
12094
12096
12097
12098
12099
121
1210
12100
12101
12104
12105
12107
12108
12111
12115
12116
12117
12121
12124
12126
12127
12130
12132
12134
12136
12138
12141
12142
12144
12146
12147
12149
12150
12151
12163
12165
12166
12167
12168
12171
12175
12176
12179
12180
12182
12183
12184
12188
12190
12194
12195
12198
12199
122
12200
12205
12207
12208
12209
12213
12214
12217
12218
12219
12221
12235
12237
12239
12241
12249
12250
12253
12254
12257
12260
12263
12268
1227
12273
12274
12276
12279
1228
12280
12281
12282
12284
12286
12287
12288
12290
12293
12294
12295
12298
1230
12300
12301
12302
12303
12305
12308
12309
12311
12312
12314
12315
12317
12319
1232
12326
12327
12328
12329
12330
12337
12338
12339
12340
12341
12342
12348
12350
12353
12354
12355
12356
12357
12365
12369
12370
12371
12372
12373
12374
12375
12376
12377
12378
12380
12381
12383
12385
12389
12391
12392
12394
12395
12396
12397
12398
12399
12400
12401
12404
12405
12406
12407
12408
12411
12412
12418
12419
12420
12421
12422
12424
12425
12426
12427
12429
1243
12430
12434
12438
1244
12441
12443
12446
12448
12449
12451
12452
12456
12457
12458
1246
12462
12464
12470
12475
12478
12484
12485
12486
12487
12488
12489
1249
12490
12491
12492
12493
12494
12495
12496
12497
12498
12499
12502
12503
12504
12508
12509
1251
12510
12511
12512
12513
12514
12515
12516
12517
12519
1252
1253
12530
12535
12536
12537
1254
12543
1255
12551
12552
12554
12557
1256
12562
12564
12567
12570
12571
12573
12577
12579
12580
12582
12583
12584
12585
12587
12590
12591
12593
12597
12598
12603
12604
12605
12606
12607
12608
12611
12613
12615
12616
12619
12622
12626
12627
12634
12635
12638
1264
12643
1265
12650
12651
12657
12659
1266
1267
12675
12699
1270
1271
12712
12715
12716
12720
12723
12725
12726
12727
12729
12730
12732
12733
12734
12735
12736
12738
12739
1274
12741
12742
12746
12749
12750
12751
12752
12753
12754
12756
12757
12758
12759
12760
12761
12762
12763
12764
12765
12769
1277
12772
12774
12775
12776
12777
12778
12779
1278
12780
12782
12783
12785
12786
12788
12789
1279
12790
12791
12792
12793
12795
12796
12797
12798
1280
12801
12805
12806
12807
12811
12813
12814
12818
12823
12824
12826
12827
12828
12829
1283
12832
12835
12840
12849
1285
12851
12853
12855
12857
12859
12860
12861
12862
12863
12864
12865
12866
12867
12868
12870
12871
12872
12874
12875
12880
12882
12883
12884
12886
12887
12889
12890
12891
12894
12895
12897
12898
12902
12903
12904
12905
12906
12907
12908
12911
12915
12916
12919
12920
12922
12923
12924
12927
12928
12929
12930
12931
12932
12933
12936
12942
12943
12946
12948
12951
12952
12953
12954
12955
12957
12961
12962
12964
12965
12966
12967
12968
12969
12970
12971
12977
12978
12979
12981
12983
12989
12992
12995
12996
13001
13004
13005
13006
13008
13009
13011
13040
13041
13042
13047
13048
13049
13050
13051
13053
13055
13056
13057
13058
13060
13061
13062
13063
13066
13068
13069
13071
13074
13075
13077
13078
13079
13080
13081
13082
13083
13088
13091
13094
13101
13106
13110
13112
13114
13119
13120
13121
13122
13123
13124
13125
13126
13127
13128
13129
13131
13132
13134
13137
13138
13139
13140
13141
13143
13145
13148
13150
13151
13153
13154
13156
13157
13159
13161
13164
13167
13169
13172
13173
13174
13175
13176
13178
13180
13181
13182
13183
13184
13185
13186
13187
13188
13190
13192
13193
13203
13204
13205
13206
13207
13208
13211
13215
13217
13218
13219
13220
13222
13227
13228
13229
13230
13231
13232
13239
13242
13244
13245
13246
13248
13249
13250
13251
13252
13253
13254
13256
13259
13261
13262
13265
13267
13270
13271
13272
13276
13278
13279
13281
13287
13288
13289
13290
13292
13294
13295
133
13301
13302
13307
13309
13311
13317
13321
13325
13329
13334
13335
13336
13339
13341
13342
13343
13348
13351
13354
13355
13356
13357
13358
13359
13361
13366
13367
13368
13370
13373
13375
13377
13381
13390
13398
13399
134
13400
13403
13404
13418
13420
13440
13441
13443
13445
13447
13449
13450
13451
13456
135
13510
13511
13514
13523
13525
13526
13529
13531
13532
13533
13534
13535
13536
13545
13548
13549
13550
13557
13564
13574
13575
13576
13577
13578
13581
13584
13585
13586
13587
13588
13589
13590
13591
13592
13593
13597
13599
136
13600
13601
13603
13604
13614
13619
13621
13642
13645
13650
13661
13666
13668
13670
13671
13672
13673
13675
13677
13679
13682
13684
13685
13686
13687
13688
13689
13691
13696
13699
137
13700
13701
13703
13704
13705
13708
13709
13710
13711
13712
13713
13714
13717
13721
13722
13723
13724
13725
13726
13727
13732
13733
13736
13737
13738
13743
13744
13746
13747
13748
13749
13751
13752
13754
13755
13756
13757
13759
13760
13762
13764
13765
13766
13769
13771
13776
13782
13784
13792
13794
13795
13798
13799
13800
13802
13803
13804
13810
13815
13833
13834
13836
13838
13840
13841
13846
13847
13850
13851
13853
13883
13884
13887
13895
13900
13911
13916
13934
13963
13970
13972
13974
13975
13976
13980
13990
13991
13992
13995
13998
13999
14
14002
14005
14007
14012
14014
14017
14018
14020
14021
14028
14029
14031
14032
14033
14036
14041
14042
14048
14049
14050
14051
14053
14054
14055
14058
14059
14060
14062
14064
14067
14069
14070
14074
14075
14076
14077
14080
14081
14083
14085
14088
14090
14093
14095
14098
14099
14104
14106
14107
14108
14112
14113
14114
14115
14118
14120
14121
14122
14124
14125
14129
14130
14137
14138
14140
14141
14142
14146
14147
14150
14151
14152
14154
14155
14162
14164
14165
14167
14168
14169
14171
14172
14173
14174
14175
14179
14187
14195
14196
14197
14199
14213
14217
14218
14223
14229
14232
14233
14236
14242
14243
14245
14249
14253
14254
14261
14265
14266
14267
14281
14285
14286
14287
14291
14294
14295
14296
14298
14299
143
14307
14308
14309
14311
14316
14319
14320
14321
14322
14325
14330
14331
14332
14335
14336
14337
14339
14340
14341
14342
14343
14347
14350
14355
14356
14359
14360
14361
14364
14366
14367
14368
14370
14372
14373
14379
14380
14381
14383
14384
14385
14387
14388
14394
14398
14399
14403
14404
14409
14410
14412
14413
14415
14416
14417
14421
14422
14423
14426
14429
14432
14433
14435
14436
14443
14445
14446
14447
14448
14449
14450
14453
14456
14457
14459
14464
14467
14468
14469
14472
14473
14475
14476
14478
14481
14482
14483
14484
14485
14487
14488
14489
14492
14493
14494
14495
14503
14506
14510
14512
14516
14517
14518
14523
14526
14527
14529
14530
14531
14533
14535
1454
14540
14542
14543
14546
14547
14548
14549
14554
14556
14562
14564
14567
14574
14575
14578
14579
14581
14583
14584
14585
14586
14589
14590
14594
14600
14611
14612
14629
14632
14633
14634
14636
14637
14638
14640
14642
14643
14644
14647
14652
14653
14655
14658
14664
14670
14679
1468
14686
14687
14694
14695
14696
14699
147
14700
14703
14705
14706
14708
14714
14715
14716
14717
14719
1472
14720
14725
14726
14728
1473
14731
14736
1474
14740
14748
14749
14750
14751
14752
14759
14773
14774
14777
14779
14781
14785
14788
14789
14792
14793
14796
14797
14798
14800
14802
14804
14805
14808
14809
14811
14812
14816
14818
14819
14821
14822
14823
14825
14828
14829
14830
14838
14839
14840
14841
14847
14848
1485
14850
14853
14855
14862
14866
14868
14872
14874
14876
14877
14878
14882
14883
14884
14885
14887
14888
14889
14890
14891
14893
14894
14895
14896
14897
14898
14904
14906
14908
14909
1491
14916
14918
14922
14926
14927
14928
14929
14930
14931
14932
14933
14934
14935
14936
14937
14939
14945
14946
14947
14948
14949
1495
14955
14957
14958
14959
14960
14961
14962
14963
14964
14965
14966
14967
14968
14969
14970
14972
14974
14975
14983
14992
14993
14994
14995
14996
15
150
15002
15003
15004
15005
15006
15007
15008
15009
15010
15013
15014
15015
15016
15017
15018
15019
15020
15021
15024
15025
15026
15027
15028
15029
15030
15031
15032
15033
15034
15035
15036
15037
15038
15040
15043
15045
15046
15047
15048
15050
15053
15059
15064
15065
15068
15070
15071
15072
15074
15075
15076
15077
15078
15084
15085
15086
15088
1509
15092
15094
15095
15097
15100
15101
15117
15118
15127
15129
15131
15132
15137
15141
15142
15145
15147
15149
15152
15156
15160
15165
15166
15176
15177
15178
15179
1519
15193
1521
1535
1538
15393
15415
15419
15422
15423
15425
1543
15433
15436
15441
15446
1545
15451
15471
15473
15475
15476
15492
15493
15494
155
15510
15511
15520
15530
15542
15546
15552
15557
15565
15573
15575
15577
15578
15579
15581
15582
15583
15584
15586
15591
15593
15594
15596
15597
15598
15599
156
15600
15605
15606
15607
15608
15609
15612
15613
15619
15620
15622
15627
15628
1563
15630
15631
1564
15664
15665
1568
157
1571
15722
15723
15727
15729
15732
15734
15735
15740
15745
15746
15747
15748
15753
15754
15757
15758
15761
15763
15764
15765
15766
15768
1577
15770
15771
15772
15774
15775
15776
15777
15778
15780
15781
15782
15783
15784
15785
15786
15788
15789
1579
15791
15792
15795
15797
15800
15802
15803
15804
15805
15806
15810
15812
15813
15814
15816
15820
15826
15830
15831
15832
15834
15835
15837
15839
15840
15841
15842
15843
15844
15845
15847
15850
15851
15853
15854
15855
15856
15857
15858
15859
15864
15865
15866
15867
15871
15872
15873
15874
15875
15876
15878
15880
15881
15883
15884
15886
15887
1589
15891
15899
1590
15901
15902
15905
15906
15907
15908
15909
15911
15912
15914
15915
15916
15919
15922
15923
15924
15926
15927
15929
1593
15930
15932
15933
15934
15935
15937
15938
1594
15940
15941
15942
15943
15945
15947
15948
1595
15952
15953
15956
15959
15960
15962
15964
15965
15967
1597
15974
15975
15977
15980
15984
15986
15987
1599
15994
15996
160
16000
16002
16006
16007
16008
1601
16012
16015
16016
16017
16018
16019
1602
16020
16021
16023
16024
16028
16029
1603
16032
16034
16037
16039
16040
16042
16044
16047
16049
16050
16051
16052
16053
16056
16058
16059
16062
16063
16065
16066
16067
16068
16069
16071
16075
16076
16087
16088
16092
16096
16098
16104
16107
16108
16109
16110
16111
16113
16114
16115
16116
16117
16122
16123
16124
16125
16126
16127
16133
16135
16136
16137
16139
16143
16147
16148
16151
16153
16158
16159
16160
16163
16164
16165
16166
16167
16168
16172
16175
16176
16177
16179
16180
16181
16183
16185
16188
16191
16192
16193
16195
162
16200
16201
16206
16217
16221
16222
16224
16225
16236
16237
16239
16240
16241
16242
16246
16247
16249
16250
16251
16253
16258
16260
16261
16262
16264
16266
16267
16268
16269
16271
16273
16274
16276
16278
16279
16280
16281
16282
16283
16285
16286
16288
16289
16291
16293
16295
16298
16299
16307
16310
16311
16312
16313
16318
16322
16325
16329
16330
16331
16332
16334
16335
16336
16342
16343
16345
16346
16350
16352
16361
16365
16368
16370
16371
16375
16376
16377
16378
16380
16382
16391
16392
16394
16395
16397
16402
16404
16409
1641
16410
16411
16417
16419
16424
16426
16427
16431
16432
16433
16447
16453
16454
16456
16461
16462
16463
16464
16467
16470
16471
16472
16476
16477
16479
16480
16481
16482
16483
16484
16488
16489
16503
16505
16509
16513
16518
16523
16532
16533
16534
16535
16538
16540
16541
16542
16545
16550
16553
16554
16556
16558
16559
16560
16562
16565
16567
16570
16571
16573
16574
16575
16576
16577
16578
16579
1658
16580
16584
16586
16587
1659
16592
16597
16598
166
1660
16602
16605
16606
16609
16610
16612
16614
16617
16619
16620
16622
16629
16631
16634
16638
16640
16641
16645
16646
16648
16649
16650
16651
16653
16654
16655
16662
16666
16667
16669
16671
16672
16674
16675
16677
16678
16679
16681
16687
16695
16696
16697
16698
16699
167
16700
16702
16704
16705
16724
16727
16730
16733
16734
16735
16738
16742
16743
16744
16745
16747
16750
16772
16786
16787
16790
16791
16794
16795
16797
16799
16803
16805
16807
16808
16810
16811
16813
16815
16818
16819
16824
16825
16827
16828
16830
16833
16834
16835
16839
16842
16844
16846
16849
16852
16853
16859
16860
16862
16863
16881
16884
16885
16887
16894
16895
16897
16898
16900
16903
16904
16906
16907
1691
16912
16913
16916
16922
16925
16927
16928
16931
16932
16934
16937
16938
1694
16943
16944
16945
16946
16948
16950
16951
16952
16953
16954
16957
16958
1696
16961
16962
16963
16964
16966
16970
16971
16972
16978
1698
16982
16990
16991
16999
17
17001
17002
17005
17006
1701
17010
17013
17019
17020
17021
17022
17023
17024
17025
17030
17034
17035
17037
17040
17042
17043
17046
17047
17049
17055
17057
17058
17059
17060
17065
17069
17071
17072
17073
17078
17081
17088
17089
17093
17094
17095
17096
17097
17098
171
17100
17101
17102
17164
17168
17175
17179
1718
17185
17194
17195
17220
17221
17222
17223
17224
17225
17226
17228
17230
17231
17235
17236
17237
17238
17241
17242
17243
17244
17245
17246
17247
17248
17249
17251
17254
17257
17260
17262
17265
17266
17267
17270
17271
17273
17274
17275
17280
17282
17283
17284
17285
17286
17288
17293
17295
17296
17297
17299
17300
17301
17302
17303
17304
17305
17306
17308
1731
17310
17311
17313
17314
17316
17317
17318
17319
17320
17321
17323
17332
17333
17340
17341
17343
17348
17349
17353
17354
17360
17362
17363
17369
1737
17371
17372
17375
17379
17382
17383
17388
17389
1739
17390
17391
17392
17393
17396
17397
17400
17401
17403
17404
17406
17408
17409
17411
17412
17413
17415
17416
17418
17420
17456
17457
17461
17462
17463
17464
17475
17477
17479
1748
17480
17481
17484
17487
17490
17495
17496
17497
175
1750
17504
17505
17506
17507
17508
17509
17511
17512
17517
17518
17521
17522
17523
17528
17535
17536
17537
17538
1754
17542
17543
17544
17545
17552
17555
17556
1756
17560
17561
17567
17569
17577
17578
1758
17582
1759
17598
176
17608
1761
17615
17618
17619
1762
17620
17627
17648
1768
177
17742
17743
17744
17745
17749
17750
17751
17755
17756
17757
17758
17767
17769
17770
17771
17776
17779
17780
17781
17782
17784
17789
1779
17793
17797
17798
178
17800
17803
17804
17805
17808
17813
17814
17815
17816
17818
17821
17822
17827
17829
17830
17831
17832
17833
17836
17837
17838
17839
17846
17847
17848
17851
17852
17853
17855
17856
17857
17858
17859
17863
17870
17871
17874
17875
17899
179
17902
17909
1797
1798
180
1800
1801
1804
1807
18074
18077
18079
1808
18085
18087
1809
18090
18092
18093
18094
18095
18096
18097
1810
18101
18103
18107
18108
18109
18112
18116
18118
18122
18123
18124
18127
18129
18132
18134
18135
18137
18138
18140
18145
18146
1815
18150
18151
18152
18154
18155
18157
18159
18160
18162
18164
18165
18166
18167
18170
18173
18179
18182
18188
18189
1819
18190
18192
18193
18196
18197
18198
1820
18201
18207
1821
18214
18218
18219
1822
18222
18226
18234
1824
18241
1825
18258
1826
18260
18261
18266
18267
18268
18269
1827
18278
18280
18281
18282
18285
18286
18287
18288
18289
18296
18297
18298
18299
183
1830
18300
18301
18302
18303
18309
18310
18311
18321
18323
18324
18333
18334
18336
18337
18338
18340
18344
18346
18347
18350
18351
18352
18353
18355
18356
18358
18364
18365
18367
18381
18395
184
18403
18406
18410
18412
18413
18427
1843
18431
18432
18433
18435
18439
18440
18441
18443
18447
18449
18463
1851
18518
18528
18530
18538
18540
18542
18543
18544
18545
18546
18549
18550
18551
18554
18555
18557
18559
18560
18565
18567
18570
18571
18575
18577
18579
18581
18582
18586
18587
18588
18589
18590
18593
18594
1860
18601
18602
18604
18607
18618
18622
18623
18624
18625
18626
18628
18633
18634
18635
18637
18638
1864
18642
18643
18644
18649
18650
18651
18652
18662
18663
18666
18667
18668
18678
18679
1868
18680
18683
18684
18690
18692
18694
18695
18696
18701
18708
18711
18712
18716
18717
18718
18721
18728
18732
18735
18736
18738
18741
18742
18743
18745
18747
18751
18752
18760
18762
18763
18764
18765
18766
18767
18771
18772
18773
18774
18776
18779
18780
18781
18782
18787
18788
18791
18792
18799
18800
18804
18806
18810
18819
18822
18827
18828
18831
18835
18836
18838
18839
1884
18846
18849
18858
18859
18861
18863
18864
18865
18867
18871
18873
18874
18879
18880
18882
18883
18884
18886
18887
18890
18891
18892
18893
189
18901
18902
18905
18906
18907
18908
18909
18912
18913
18914
18916
18917
18919
18920
18923
18926
18929
18930
18933
18937
18938
18940
18942
1895
18950
18952
18953
18955
18957
18958
18962
18969
18970
18973
18981
18985
18988
18989
18990
18991
18992
18993
18994
18995
18996
18997
18998
190
19012
19015
19016
19023
19025
19026
19027
19028
19029
19031
19036
19038
19039
19041
19042
19045
19047
19049
19050
19053
19055
19060
19068
19077
19078
19079
19084
19085
19086
19087
19088
19089
19090
19091
19093
19094
19096
19097
19098
1910
19101
19102
19104
19106
19107
19108
19109
19111
19115
19116
19117
19118
1912
19124
19125
19130
19134
19135
19139
1916
19171
19177
19179
19180
19183
19184
19185
19186
19187
19188
19189
19191
19195
1920
19206
1922
19255
19258
1926
19260
19261
19267
19269
19270
19272
19273
19275
19276
19277
19278
19279
19287
1929
1930
19313
19314
19315
19316
19319
19320
19322
19324
19325
19329
1933
19331
19333
19336
19339
19348
19349
1935
19350
19353
19355
19359
19360
19361
19362
19363
19364
1937
19375
19378
19389
19398
19405
19409
19412
19413
19414
19415
19417
19418
19420
19422
19423
19425
19426
19428
19429
1943
19430
19431
19434
19435
19436
19440
19444
19449
19451
19454
19455
19457
19458
19464
19466
19468
19471
19472
19473
19474
19476
19477
19480
19481
19482
19484
19486
19488
19489
19491
19494
19495
19496
19497
19498
19501
19502
19503
19508
19515
19517
19519
19522
19535
19537
19538
19541
19542
19544
19545
19554
19555
19558
19571
19577
19578
19581
19582
19585
19587
19590
19592
19593
19597
19600
19601
19607
19612
19613
19615
19616
19620
19621
19623
19624
19632
19635
19636
19637
19638
19639
19640
19641
19642
19643
19645
19649
19650
19651
19659
19663
19664
19665
19666
19670
19672
19673
19674
19675
19676
19679
19683
19687
19688
19689
19696
19697
19698
19699
19701
19702
19706
19708
19709
19710
19711
19712
19713
19714
19715
19724
19728
19730
19732
19733
19734
19735
19738
19740
19743
19744
19745
19747
19756
19759
19763
19764
19768
19769
19773
19776
19782
19793
19794
19795
19798
19799
19801
19802
19803
19804
19806
19807
19809
1981
19811
19813
19815
19822
19823
19824
19825
19830
19832
19833
19837
19840
19841
19843
19846
19847
19849
19851
19852
19853
19854
19859
19860
19861
19862
19863
19864
19867
19868
19875
19876
19878
19880
19881
19885
19886
19887
1989
19890
19894
19899
19901
19904
19905
19909
19912
19914
19918
19920
19922
19923
19924
19926
19929
19930
19934
19936
19937
19938
19939
19940
19941
19942
19945
19947
19948
19949
19950
19951
19952
19953
19955
19958
19959
19960
19961
19964
19973
19974
19975
19977
19980
19983
19984
19986
19987
19990
19992
19993
19994
19995
19996
19997
19998
19999
20
20000
20001
20002
20003
20004
20005
20006
20007
20008
20009
20010
20011
20012
20013
20015
20016
20019
20020
20024
20025
20026
20027
2005
2008
2010
2013
2015
2016
2017
202
2020
2022
20223
20229
2023
20230
20231
20232
20233
20234
20235
20239
2024
20240
20241
20251
20254
20257
20258
20259
20263
20269
20271
20272
20275
20280
20281
20282
20283
20285
20286
20287
20288
20292
20294
20295
20296
203
2030
20300
20301
20302
20307
20310
20314
20316
20317
2032
20324
20325
20333
20335
20336
20340
20344
20348
20349
20351
20352
20357
20359
20360
20364
20368
2037
20370
20371
20373
20376
20377
20381
20382
20383
20386
20387
20389
20390
20392
20393
20396
20397
20400
20401
20402
20413
20424
20437
20438
2044
20445
2045
20451
20454
20456
20457
20459
20461
20465
20468
20469
20470
20471
20472
20476
20477
20478
20485
20486
20487
20491
20492
20493
20495
20498
20499
205
2050
20502
20507
20508
20510
20511
20516
20520
20525
20527
20529
20532
20533
20535
20536
20537
20538
20539
20542
20543
20545
20546
20551
20553
20555
20560
20562
20565
20568
20569
20572
20574
20575
20576
20577
20578
20579
20581
20585
20586
20587
20588
20590
20591
20593
20594
20596
20597
20598
20599
206
20600
20601
20605
20608
20609
20610
20612
20613
20614
20616
20617
20620
20621
20622
20626
20629
20630
20633
20637
20642
20643
20644
20647
20648
20650
20652
20653
20654
20657
20658
20662
20663
20666
20667
20670
20679
20682
20685
20688
2069
20690
20693
20694
20697
20698
20699
207
20701
20704
20711
20718
20719
20720
20738
20739
20742
20743
20745
20752
20753
20754
20757
20758
20759
20760
20762
20763
20765
20766
20768
20771
20777
20781
20782
20785
20808
20814
20816
20817
20818
20819
20820
20821
20823
20824
20825
20829
20832
20833
20834
20835
20836
20839
20844
20845
20846
20847
20848
20849
2085
20851
20852
20853
20857
20860
20862
20865
20867
20869
20870
20871
20872
20873
20874
20875
20876
20877
20878
20879
2088
20880
20881
20882
20883
20887
20888
20889
20898
209
20900
20901
20905
20906
20907
20908
20909
2091
20913
20917
20919
20921
20925
20934
20936
20940
20944
20946
20947
20948
2095
20952
20957
20958
20959
2096
20962
20963
20964
2097
2098
2100
21002
21022
2103
21032
21037
2104
21041
21043
21044
21047
21049
21059
21060
21075
21081
21086
211
2110
21105
21107
21110
21123
21125
21126
21127
2113
2114
2115
21168
21175
21194
21195
21196
21198
21200
21201
21202
21203
21204
21206
21207
21208
21209
2121
21210
21212
21213
21218
21222
21223
21225
21227
21228
21230
21232
21233
21236
21238
21239
21242
21243
21244
21246
21247
21248
21251
21252
21253
21254
21255
21256
2126
21261
21262
21265
21271
21272
21274
21275
21276
21278
21279
21280
21284
21293
21297
21299
21301
21302
21308
21314
21317
21321
21327
21330
21332
21335
21337
21338
21339
21340
21341
21342
21343
21344
21345
21346
21347
21348
21349
21350
21351
21352
21360
21361
21363
21364
21367
21368
21369
21371
21372
21373
21376
21377
21378
21379
21381
21383
21384
21385
21386
21390
21393
21394
21395
21397
21398
21400
21402
21405
21409
21413
21414
21418
21420
21421
21424
21425
21426
21427
21428
21432
21433
21434
21435
21436
21437
21438
21439
21440
21441
21442
21444
21445
21446
21447
21450
21451
21452
21453
21454
21456
21457
21462
21464
21466
2147
21471
21472
21474
21478
21479
21484
21485
21486
21487
21488
21490
21494
21496
21498
2150
21511
21514
21515
21517
21519
21520
21521
21522
21523
21525
21526
21527
21530
21535
2154
21540
21543
21544
2155
21550
21555
21556
21560
21564
21568
21576
21577
21578
21581
21582
21584
21585
21586
21587
2159
21591
21594
21595
21600
21603
21610
21626
21627
2163
21630
21632
21633
21638
2164
2165
2166
2167
217
2172
21733
21735
2175
21755
21761
21768
21772
2178
21787
21793
21795
21797
21798
2180
21813
21815
21817
21824
21828
21830
21831
2184
2185
21852
21853
21854
21861
21862
21863
21864
21866
21873
21879
2188
21881
21884
21885
21886
2189
21890
21893
21894
219
2190
21906
21912
21924
21925
21927
21930
21938
21941
21943
21944
2196
2197
22
220
2202
2203
2204
2205
2208
22086
22094
22096
22097
22103
22104
22109
22110
22117
22119
22129
22139
2214
22141
22142
22143
22146
22148
2215
22157
22159
22163
22166
22167
22171
22179
22182
22183
22209
2221
22213
22214
22215
22216
22217
22223
22224
22225
22226
22227
22229
2223
22234
22236
22243
22247
22251
22259
22260
22261
22265
22268
22272
22274
22278
2228
22281
22289
22291
22298
223
2230
22305
22309
22312
22313
22316
22317
2232
22320
22324
22325
22329
2233
2234
22354
22359
22361
22364
22366
22367
22368
22376
22389
22394
22397
2240
22405
22408
22409
2241
22411
2243
2244
22454
22463
22470
22476
22479
22483
22492
22497
22502
22503
22506
22512
22514
22515
2252
22521
22527
22532
22534
2254
22540
22543
22548
22549
2255
22550
22551
22556
2256
22563
22565
22566
22568
22574
22578
22589
22595
22596
226
2260
22602
22614
22616
22617
22619
22622
22623
22627
22628
22629
22630
22638
22641
22643
22651
22654
22655
22656
22657
22658
22661
2267
2269
227
2272
2273
22733
22737
22738
22739
22740
22741
22746
22754
22756
22761
22766
22768
22769
22770
22777
22778
2278
22781
22786
22789
22791
22794
22797
2280
22801
22806
22809
2281
22810
22811
22812
22817
2282
22822
22826
22828
22830
22834
22836
22841
22842
22846
22847
2285
22851
22853
2286
22869
2287
22870
22871
22872
22873
22875
22876
22877
22878
2288
22881
22882
22887
22891
22893
22899
229
2290
22905
22908
22909
2291
22914
22916
22917
22919
22922
22923
22925
22926
22927
22930
22933
22934
22935
22936
22937
22941
23050
23054
23056
2306
2309
2311
23120
2314
23167
2317
2320
23266
23278
23283
23284
2329
23297
2332
23323
23328
23331
23333
23334
23337
23339
2334
23346
23348
23349
2335
23353
23358
2336
23362
23371
23416
23419
23438
23445
23446
23448
23450
23455
23458
23473
23476
23482
23483
23484
23487
23495
23497
23500
23503
23506
2351
23518
2352
23525
23544
23584
23591
23635
23650
23659
23662
23675
23698
23702
23708
23721
23759
23760
23763
23765
23784
2383
2385
23873
23874
23877
2388
23883
23899
23909
23910
23911
23912
23913
23914
23915
23919
23922
23924
23925
23927
2396
23971
23972
23983
23988
23989
23990
23991
23994
23995
24002
24011
24015
24018
24019
24020
24021
24022
24030
24031
24032
24034
24035
24036
24042
24043
24046
24048
24055
24059
24065
24071
24095
24096
24099
24104
2412
24151
24158
2428
2430
2431
2432
2434
2435
2436
2443
2444
2453
24710
24711
24713
24716
24719
24721
24727
24728
24731
24732
24733
24735
24737
24741
24742
24743
24744
24745
24747
24749
24750
24753
24755
2476
24767
2477
24773
24776
24778
24780
24782
24783
24787
24793
24794
24795
2480
24801
24802
24803
24804
24806
24813
24814
24815
24819
24821
24822
24823
24827
24828
24830
24831
24833
24835
24836
24837
24839
2484
24841
24842
24843
24848
24850
24857
24858
24860
24861
24865
24867
24869
24871
24873
24875
24876
24879
24882
24890
24891
24893
24899
24900
24901
24906
24907
24908
24910
24911
24922
24924
24927
24928
24931
24932
24934
24940
24944
24945
24948
24949
24959
24963
24965
2497
24974
24976
24978
24987
24992
24999
25002
25004
25005
25006
25008
2501
25010
25017
25018
25019
2502
25020
25021
25022
25025
25026
25029
25031
2505
25053
25054
25055
25056
2506
25061
25062
25063
25068
2507
25070
25072
25073
25075
25076
2508
2509
25090
25091
25092
25094
25095
25101
25103
25104
25105
25107
25108
2511
25111
25112
2512
25125
25128
2513
25135
25139
2514
2515
25151
25155
25157
2516
25161
25162
25165
25166
25168
25169
2517
25171
25176
25179
25181
25182
25183
25195
25199
2520
25204
25209
2521
25218
2522
25224
25225
2523
25232
25233
25236
25238
25239
2524
25241
25242
25246
25249
2525
25251
25254
25256
25257
2526
25263
25264
25267
25268
25269
25272
25277
25279
25282
25291
25298
2530
25300
25303
25304
25305
25308
25309
25312
25320
25321
25322
25323
25324
25325
25327
25329
2533
25335
25338
2534
25345
25346
25349
2535
25351
25352
25358
25359
2536
25364
25365
25366
25369
25370
2538
25383
2539
25390
25394
25397
25399
254
25400
25401
25404
25406
25408
25410
25412
25413
25414
25416
25417
25419
25420
25421
25424
25435
25439
2544
25442
25444
25446
25447
25449
2545
25450
25451
25452
25455
25457
25458
25459
2546
25460
25461
25462
25463
25464
25465
25466
25471
25476
25478
25481
25487
25490
25496
25498
255
25503
25506
25508
25512
25515
25517
25519
25521
25522
25523
25526
25534
25535
25537
25540
25542
25548
25549
25551
25552
25554
25555
25556
25559
25562
25567
25568
25569
2557
25570
25573
25574
25575
25576
25578
25586
25595
2560
25611
25612
25616
25618
25619
25621
25622
25623
25624
25627
25630
25632
25633
25634
25635
25638
25640
25644
25645
25646
25647
25648
25649
25653
25654
25655
25657
25658
25659
2566
25661
25663
25666
25668
25674
25677
25682
2569
25690
25691
25692
25693
25694
25695
25696
25697
25698
2570
25700
25702
25703
25709
2571
25712
25716
2572
2574
25741
25749
2575
25750
25751
25752
25755
25756
25767
25772
25773
25774
25777
25779
25789
25791
25792
25794
25798
25800
25801
25804
25808
25809
2581
25810
25811
25812
25813
25814
25840
25841
25843
25844
25848
2585
25851
25856
25857
2586
2587
25873
25874
25875
2588
25889
25890
25891
25893
25894
25899
25900
25901
25902
25906
2591
25911
25913
25914
25915
25924
25925
25926
25928
25929
25930
25931
25932
25933
25934
25937
25938
25940
25942
25944
25945
25946
25947
25949
25952
25954
25957
25963
25966
25967
25968
2597
25970
25971
25979
25989
2599
25992
25995
25996
260
2600
2601
26016
26018
26019
2602
26020
26021
26024
26027
26033
2604
26040
26054
26055
2606
26060
26067
26068
26069
26071
26073
2610
26102
26107
26109
26118
26119
2612
26121
26122
26123
26131
26137
26138
26139
26153
26159
26161
26163
26167
26169
2617
26171
26172
26173
26174
26177
26178
26179
2618
26185
26186
26187
2619
26190
26192
26193
26196
26198
262
26200
26201
26202
26207
26208
26209
2621
26210
26211
2622
26221
26224
26227
26228
26229
26234
26235
26238
2624
26240
26244
26247
26249
26255
26256
26258
26259
2626
26262
26263
2627
26272
26273
26274
2628
26280
2629
26300
26301
2631
2632
26322
26325
26326
26330
26339
26344
26345
26346
26347
26349
26351
26353
26357
26358
2636
26360
26369
26370
26372
26375
2638
26386
2639
26414
26415
2642
26422
26425
26426
2643
26431
26432
26440
26450
26452
26458
2646
26460
26465
26474
26476
26479
26480
26484
26486
26488
26489
2649
26491
26492
26496
26498
26499
2650
26504
26505
26507
26508
2651
26510
26511
26512
26513
26514
26515
26516
26519
2652
26520
26524
26526
26527
26528
26529
26531
26532
26534
26535
26536
26537
26539
26540
26541
26544
26546
26547
26549
26550
26558
2656
26560
26565
26567
26568
26570
26571
26572
26573
26574
26577
26578
2658
26581
26582
26584
26585
26588
26589
26594
26595
26596
26599
26600
26602
26603
26604
26605
26606
26607
26610
26611
26612
26614
26615
26616
26617
26618
26620
26622
26623
26625
26626
26627
26628
26629
2663
26631
26639
2664
2665
2666
2668
2669
26701
26704
26706
26707
26709
2671
26710
26711
26712
26713
26718
2672
26722
26723
26724
26729
2673
26731
26732
26734
26736
2674
26743
26744
26745
26747
26749
26753
26754
2676
26761
2677
26773
26774
26776
26778
2678
26783
26785
26788
2679
26790
26791
26792
26797
26803
26804
26809
2681
26810
26814
26818
2682
26828
26829
2683
26837
26839
26840
26842
26850
26851
26853
26855
26856
26858
26859
2686
26862
26864
26866
26871
26873
26874
26875
26876
26877
26879
26880
26890
26891
26897
26898
2690
26900
26901
26904
26905
26911
26913
26916
26917
26918
26920
26921
26927
26929
26932
26933
26937
26940
26941
26942
26943
26947
26949
26950
26952
26953
26954
26955
26957
26959
2696
26963
26964
26965
26966
26967
26969
2697
26972
26973
2698
26981
26983
26985
26987
2699
26990
26991
26992
26993
26994
2701
27037
2704
27049
2705
27051
27059
2706
2707
27077
2708
27081
27088
27089
27094
271
27111
27116
2712
27126
27127
27130
27139
27141
27149
27151
27154
27156
27158
27167
2717
27171
27178
2718
27180
27182
27184
27188
27190
27195
27197
2720
27200
27201
27208
27210
27211
27219
27220
27223
27228
27229
2723
27234
27235
27236
27239
27241
27242
27243
27244
27245
2725
27251
27255
27256
27257
2726
27260
27264
27267
27269
27270
27272
27273
27274
27275
27276
27278
27285
27286
27288
27289
27294
27300
27301
27302
27303
27304
27305
27312
27313
27315
27316
27317
27327
2733
27331
27334
27335
27336
27337
27338
27339
2734
27342
27343
27344
27348
27349
2735
27351
27352
27353
27354
27357
2736
27360
27365
27366
27367
27368
2737
27370
27371
27373
27374
2739
274
2740
2741
2747
27478
27479
2748
27481
27482
2751
2754
2755
27568
27577
27578
27591
27592
27593
27595
27596
27597
27598
27599
27600
27601
27602
27603
27605
27606
27609
27610
27611
27612
27613
27614
27615
27616
27619
2762
27621
27625
27626
27629
2763
27632
27635
27637
27638
2764
27642
27665
27666
27671
27673
27676
27677
27682
27683
27685
27687
27688
27689
27691
27695
27696
27697
27698
27699
2770
27700
27701
27702
27703
27704
27705
27707
27708
27710
27713
27714
27715
27716
27717
27718
2772
27721
27725
27726
27727
2773
27730
27731
27732
27736
27741
27742
27744
27749
27751
27752
27753
27754
27755
27756
27758
27759
27761
27762
27763
27764
27765
27767
27769
27770
27771
27772
27773
27776
2778
27782
27784
27785
27791
27793
27794
27795
27796
27798
27799
2780
27800
27801
27802
27803
27807
27808
2782
27825
27829
2783
27834
27838
2784
27842
27843
27845
27846
27847
2785
27850
27851
27852
27854
27855
27856
27861
27862
27863
27864
27865
27866
27867
27870
27872
27873
27874
27888
27892
27893
27894
27895
27897
27898
27902
27906
27911
27912
27913
27914
27915
27917
27919
27923
27930
27936
27937
2794
27940
27943
27946
27948
2795
27956
27958
27960
27964
2797
27970
27972
27973
27977
27979
27982
27983
27992
2802
2803
28043
28058
28059
2806
28060
28061
28062
28063
28064
28066
28072
28073
28074
28075
28076
28077
28078
28079
2808
28080
28081
28082
28083
28084
28085
28086
28087
28088
28089
28090
28091
28092
28093
28094
28095
28096
28097
28098
28099
281
2810
28100
28101
28102
28103
28104
28105
28106
28107
28108
28109
28110
28111
28112
28113
28114
28115
28116
28117
28118
28119
28120
28121
28122
28123
28124
28125
28126
28127
28128
28132
28140
28142
28146
28149
28152
28154
28155
28157
2816
28161
28166
28167
28168
28169
2817
2818
28180
28181
28184
28187
2819
28192
28193
28196
28197
28200
28202
28203
28205
28207
28215
28219
2822
28222
28223
28225
28233
28237
28238
28262
28268
2828
28294
28295
28297
28298
2831
2836
2837
2838
28398
2840
28450
28471
28617
2864
2866
28698
28699
287
28700
28702
28709
2871
28715
28721
28722
28725
28727
28728
2873
28745
2875
28755
28757
2876
28762
28767
28769
2877
28771
28789
2879
28800
28803
28809
28817
28823
28824
28826
28827
28829
28837
28838
28839
2885
2886
28865
28866
28867
28868
28869
2887
28870
28871
28872
28873
28879
28883
28887
2889
28897
28900
28905
28907
28908
28909
28910
28913
28914
28916
2892
28927
28929
28930
28931
28932
28933
28934
28935
28936
28937
28938
28939
28940
28943
28944
28945
28946
28947
28948
28952
28953
28954
28955
28958
28959
28960
28961
28962
28963
28964
28965
28968
28970
28972
28973
28978
28979
2898
28982
28983
28984
28987
28988
28997
28999
2900
29000
29001
29002
29003
29004
29005
29006
29007
29008
29010
29011
29012
29013
2902
29020
29028
2903
29032
29033
29034
29044
29045
29046
29047
29049
29050
29051
29052
29053
29054
29055
29056
29057
29058
29060
29064
29065
29067
29070
29071
29075
29079
29080
29081
29082
29083
29086
29089
29090
29091
29093
29097
29098
29100
29106
29107
29108
29109
29110
29115
29122
29124
29128
29129
29131
29133
29137
29138
29140
29141
29144
2915
29154
29161
29163
29166
2917
29170
29171
29176
29177
2918
29189
2919
29197
29199
2920
29202
2921
2922
29225
29229
29233
29235
2924
29241
29257
29264
29267
29268
2927
29271
29272
29280
29281
29283
29284
29285
29286
29288
2929
29294
29297
29298
293
2930
29300
29301
29302
29308
2931
29310
29311
29312
29314
29315
29316
29317
29319
29320
29326
29327
29328
29329
2933
29330
29331
29337
29343
2935
29352
29356
29359
29360
29364
29369
2937
29370
29371
29372
29373
29374
29375
29378
2938
29381
29383
29384
29386
29391
29392
29393
29394
29397
29398
294
29400
29401
29402
29408
29409
2941
29412
29415
29422
29423
29425
29426
29427
29428
29429
29430
29432
29433
29434
29435
2944
29443
29445
29447
2945
29450
29451
29452
29458
29463
29464
29467
2947
29471
29472
29473
29474
29476
29478
29481
29482
29485
29486
29490
29491
29492
29498
2950
29505
29508
29513
29516
2952
29525
29526
29529
29532
29533
29539
2954
29540
29541
29542
29543
29547
29548
29549
29552
29554
29557
29559
29561
29562
29564
29568
29571
29572
29573
29574
29576
29577
2958
29589
29593
2960
2961
29617
2962
29620
29622
29624
29630
29632
29634
29644
29650
29652
29653
29656
29658
2966
29664
29665
29666
29667
29668
29669
29673
29674
29677
2968
29680
29681
29685
29688
29689
29690
29693
29698
297
29701
29702
29707
29708
29712
29713
29714
29715
29716
29718
29719
29720
29721
29730
29735
29740
29745
29747
29748
29750
29757
29758
2976
29760
29761
29762
29763
29765
29769
29770
29772
29773
29775
29779
29780
29781
29782
29783
29784
29788
2979
29794
29795
298
29804
29805
29807
29815
29818
29828
29831
29833
29834
29835
2984
29851
29854
29857
29862
29866
29868
29877
29888
29889
29892
29894
29896
29898
2990
29904
29909
29911
29915
29918
29919
2992
29921
29922
29923
29924
29926
29928
29929
2993
29932
29933
29935
29937
29938
29939
2994
29940
29942
29943
29944
29949
2995
29950
29954
29956
29958
29959
29960
29961
29962
29964
29965
29967
2997
29970
29976
29977
29978
29979
2998
29980
29981
29983
29984
29988
29989
2999
29991
29994
29995
29998
29999
30
30001
30002
30003
30004
30007
30008
30009
3001
30010
30011
30013
30014
30016
30018
3002
3003
30034
30036
3004
30040
30041
30044
30047
30048
30049
30054
30055
30056
30057
3006
30060
30061
30062
30064
30066
30069
3007
30070
30071
30073
30074
30076
30077
30078
30079
3008
3009
30096
3010
30101
30102
30104
30106
30107
30109
3011
30112
30113
30116
30117
30121
30122
30123
30125
30126
30127
30128
30129
3013
30133
30137
30139
3014
30140
30142
30145
30146
3015
30150
30154
30155
30158
30160
30161
30162
30163
30164
30166
30168
30178
30185
30188
30194
30196
30197
30198
30207
30215
30217
30218
30219
30222
30224
30226
30227
30228
3023
30230
30327
30328
30330
30337
30338
30340
30349
30350
30352
30353
30354
30357
30361
30368
30370
30377
30379
30381
30383
30384
30385
30386
30388
30391
30392
30393
30396
30401
30410
30411
30414
30415
30417
30419
30420
30421
30422
30424
30425
30426
30427
30428
30430
30431
30432
30434
30435
30436
30442
30443
30444
30447
30450
30451
30453
30458
30459
30462
30464
30465
30466
30467
30469
30470
30471
30472
30473
30477
30478
30479
30481
30482
30484
30485
30490
30497
30498
30501
30504
30509
30510
30511
30512
30513
30514
30516
30517
30519
30520
30521
30522
30525
30526
30528
30530
30531
30533
30536
30541
30543
30544
30545
30546
30547
30549
30551
30556
30559
30560
30565
30566
30567
30572
30573
30574
30578
30579
30586
30587
30588
30589
30592
30593
30594
30598
30602
30603
30604
30605
30606
30607
30609
30614
30619
30626
30636
30637
30639
30641
30642
30647
30648
30649
30650
30651
30652
30654
30655
30656
30672
30674
30678
30679
30681
30687
30689
30695
30702
30705
30711
30712
30713
30714
30717
30718
30725
30731
30738
30739
3074
30748
30750
30760
30772
30773
30774
30786
30789
30791
30792
30793
30794
30795
30799
3080
30800
30809
30812
30814
30816
30817
30818
30820
30824
30826
30829
30830
30832
30835
30837
30838
30839
30842
30846
30848
3086
30872
3088
30882
30885
30888
3089
30890
30896
30897
30898
309
3091
30912
30914
30920
30925
30929
30931
30932
30933
30937
30945
30948
30950
30960
30961
30964
30966
30968
30969
30970
30973
30975
30976
30980
30983
30987
30990
30991
30995
30997
31000
31006
31008
31011
31015
31017
31018
31023
31024
31025
31031
31032
31089
31095
31099
31100
31101
31102
31104
31108
31109
31110
31111
31114
31116
31117
31118
31119
31121
31122
31123
31126
31127
31128
3113
31131
31132
31134
31137
31138
31139
31140
31142
31143
31146
31148
3115
31151
31152
31158
31163
31164
31165
31167
31168
31175
31177
31180
31185
31194
31197
31198
31199
312
31200
31201
31202
31207
31208
31209
3121
31214
31215
31216
31217
3122
31220
31221
31222
31224
31225
31226
31227
31228
31229
3123
31230
31232
31233
31236
31237
31238
31239
3124
31240
31241
31242
31243
31244
31245
31247
31248
3125
31250
31251
31252
31253
31254
31255
31260
31263
31264
31266
31267
31269
3127
31270
31271
31272
31276
31283
31285
31287
3129
31292
31296
31297
3130
31300
31302
31303
31304
31306
3131
31310
31314
31315
31316
31318
31319
31320
31323
31324
31325
31327
31329
31332
31333
31334
31335
31336
31338
3134
31341
31342
31343
31344
31354
31356
31358
31359
31361
31364
31366
31367
31368
31369
3137
31370
31371
31372
31373
31374
31375
31378
3138
31380
31382
31383
31387
31388
31389
31392
31393
31395
31396
31397
31398
314
31403
31411
31412
31415
3142
31422
31427
3144
31474
31476
3148
31483
31484
31486
31488
31490
31500
31504
31506
31507
31515
31518
31519
31521
31522
31524
31525
31527
31529
31532
31533
31534
31537
31544
31545
31547
31548
31549
31550
31553
31557
31559
31561
31562
31563
31565
31568
31570
31571
31578
31580
31602
31607
31608
31621
31650
31655
31656
31672
31674
31678
31685
31686
31688
31690
31691
31692
31697
31698
317
31706
31707
31709
31710
31712
31713
31714
31715
31716
31717
31718
31721
31722
31723
31724
31726
31731
31782
31784
31785
31786
31787
31791
31792
31793
31794
31795
31796
31797
31798
31799
31801
31803
31804
31807
31809
31810
31811
31812
31814
31816
31817
31818
31819
31820
31824
31825
31826
31827
31828
31830
31831
31837
31844
31845
31848
31849
3185
31850
31852
31853
31854
31855
31856
31857
3186
31861
31862
31863
31865
31866
31868
31869
31870
31871
31873
31875
31876
31877
31879
31881
31882
31884
31885
31886
31887
31889
31893
31894
31895
31897
31898
31899
3190
31903
31904
31906
31907
31911
31912
31913
3192
31923
3193
31937
3194
31940
31944
31946
31948
31950
31952
31953
31954
31958
31959
31962
31965
31966
31968
31969
31970
31971
31973
31975
31976
31978
31979
31985
31987
31988
31989
3199
31992
31998
31999
320
32002
32003
32004
32005
32008
32013
32014
32019
32022
32025
32027
32029
32030
32031
32035
32036
32037
32040
32042
32045
32046
32047
32049
3205
32051
32053
32054
32056
32057
32058
32059
32063
32064
32065
32069
32070
32071
32073
32078
32082
32083
32084
32085
32087
32088
32091
32093
32097
32105
32108
32111
3212
32128
32129
3213
32132
32135
32136
32138
32141
32142
32143
32144
32145
32146
32147
32149
32150
32151
32154
32157
32158
3216
32162
32164
32168
3217
32170
32173
32176
32177
32182
32183
32184
32185
32186
32187
32188
32189
3219
32190
32191
32197
32198
3220
32202
32203
32204
32206
32207
32209
32210
32211
32213
32214
32215
32216
32218
32219
3222
32220
32226
32227
32228
3223
32231
32233
32238
32240
32243
32246
32249
3225
32250
32251
32252
32254
32255
32256
32257
32259
32263
32264
32268
32269
32270
32271
32277
32278
32279
32280
32282
32283
32285
32286
32288
32289
32293
32294
32296
32297
32298
3230
32300
32304
32305
32307
32309
3231
32311
32312
32313
32314
32315
32317
32318
32323
32324
32327
3233
32331
32334
32336
32338
32339
32341
32342
32348
3236
32360
32361
32362
32364
32365
32367
32369
32372
32373
32374
32377
32379
32380
32382
32383
32386
32388
32392
32393
32399
32400
32405
32406
32408
32409
3241
3242
32435
32439
3244
32441
32442
32443
32444
32445
32446
32447
32448
32449
32450
32451
32452
32453
32454
32456
32460
32461
32462
32464
32467
32470
32471
32472
32473
32474
32475
32476
32480
32486
32487
32488
32489
3249
32490
32491
32492
32493
32494
32495
32496
32498
32499
32500
32502
32503
32504
32505
32506
32507
32508
32509
32510
32511
32512
32513
32514
32515
32519
3252
32520
32521
32523
32524
32525
32526
32527
32528
3253
32530
32531
32532
32533
3254
32542
32543
32544
32545
32546
32547
3255
32551
32553
32554
32555
32556
32557
32558
32559
3256
32560
32562
32563
32567
32568
32569
32572
32573
32574
32575
32576
32577
32578
32579
3258
32580
32583
32589
3259
32590
32592
32597
32600
32604
32606
32607
32611
32613
32616
32621
32623
32624
3263
32640
32642
32645
32649
32655
32657
32658
32662
32665
32668
32669
32670
32671
32672
32676
3268
32681
32683
32688
32690
32700
32703
32706
32707
32708
32709
3271
32710
32711
32718
32719
32721
32723
32724
32733
32738
32739
32746
32748
32750
32751
32752
32753
32759
32760
32761
32764
32765
32769
32771
32773
32780
32783
32784
32786
32787
32790
32791
32792
32793
32794
32795
32797
328
32801
32802
32805
32807
32809
32810
32814
32816
32818
32820
32821
32824
32825
32827
32828
32832
32835
32836
32838
32843
32844
32850
32851
32852
32853
32862
32863
32864
32865
32866
32867
32870
32872
32873
32874
32875
32877
32880
32885
32890
32892
32893
32894
32895
32899
329
32901
32903
32906
32909
3291
32910
32912
32915
32917
32923
32924
32938
3294
32941
32943
32944
32945
32951
32953
32954
32958
32959
32960
32963
32967
32975
32977
32979
32981
32982
32983
32986
32989
32991
32992
32993
32997
32998
32999
33
33009
33010
33011
33033
33036
33048
33050
33052
33053
33055
33056
33057
33058
33061
33062
33063
33066
33068
3307
33070
3308
3309
33090
33094
33099
331
3310
33105
33106
3311
33110
33112
33113
33144
33145
33146
33147
33154
33157
33158
33159
3316
33161
33163
33165
33166
33167
33171
3318
33185
33188
3319
33190
33191
33196
33197
332
3321
33217
33219
33221
33223
33225
33226
33228
33229
3323
33230
33233
33242
33243
33248
33249
33263
33265
33270
33277
33282
33285
33299
33302
33305
33310
33311
33339
33343
33349
33353
33362
33364
33365
33370
33374
33376
33378
33388
33390
33393
33394
334
3340
33402
33403
33405
33406
33408
3341
33419
3342
33420
33421
33428
33429
33431
33433
33434
33435
33437
33442
33445
33446
33447
33449
33451
33452
33453
33455
3346
33460
33461
33464
33465
33467
33468
33469
3347
33472
33473
33474
33475
33476
33477
33478
33479
33481
33482
33483
33487
33488
33493
33495
33496
33499
335
33500
33502
33505
33506
33507
33516
33517
33518
33523
3353
33531
33535
33536
33537
33539
33540
33541
33544
33545
33547
33548
33549
33552
33553
33555
33556
33558
33559
33560
33562
33564
33567
33569
33570
33571
33573
33574
33577
3358
33582
33583
33585
33586
3359
33592
33593
33596
33598
33599
336
33600
33601
33604
33609
3361
33610
33612
33614
33615
33616
33617
33618
33619
33621
33622
33625
33626
33627
33628
33629
3363
33630
33634
33636
33637
33638
33639
33640
33641
33642
33643
33647
33648
33649
33651
33655
33660
33667
33668
33669
3367
33671
33672
33673
33674
33675
33676
33691
33696
33698
33699
33701
33703
33704
33708
33709
3371
33710
33711
33713
33716
3372
33721
33724
33727
33728
33732
3374
3375
33760
33761
33762
33764
33765
33766
33770
33772
33781
33784
33786
33787
33788
33790
33799
338
33800
33801
33803
3381
3382
33820
33821
33824
33832
33833
33834
33836
33837
33839
33840
33841
33843
33845
33846
33847
33853
33864
33866
33867
33868
33869
33873
33874
33875
33876
33884
33885
33889
33897
33898
33899
33900
33914
33915
33927
33929
33932
33933
33935
33936
33937
33938
33943
33946
33947
33948
3395
33950
33951
33952
33953
33955
33957
33959
33960
33961
33965
33968
33969
33972
33973
33975
33976
33977
3398
33981
33991
34
3402
34096
34103
34105
34109
3412
34199
34202
34205
34206
34208
34209
34210
34211
34215
34220
34221
34225
34226
34228
34229
34230
34231
34232
34235
34236
34238
34241
34243
34244
34246
34249
34252
34253
34254
34255
34257
34260
34261
34265
34269
34275
34276
34279
34280
34281
34283
34291
34292
34296
34298
34299
343
34300
34301
34303
34305
34306
34307
34308
34316
34320
34321
34326
34330
34333
34338
34347
34348
34352
34353
34363
34364
34365
34367
34369
34370
34375
34376
34377
34378
34385
34388
34389
34391
34392
34393
34394
34397
34399
34400
34401
34402
34403
34405
34406
34407
34418
34421
34422
34423
34431
34432
34433
34434
34437
34440
34444
34448
34451
34453
34455
34456
34459
34461
34466
34469
34470
34471
34474
34475
34480
34482
34485
34486
34488
34491
34492
34493
34496
34498
34499
345
34500
34504
34505
34508
34513
34519
34520
34521
34534
34538
34547
34548
34549
34552
34560
34565
34567
34569
34577
34580
34581
34582
34583
34584
34587
346
34607
34608
34609
34611
34616
34620
34624
34626
34630
34631
34638
34641
34643
34644
34646
34647
34650
34651
34653
34654
34655
34656
34660
34670
34671
34672
34673
34680
34681
34683
34686
34710
34714
34715
34722
34728
34729
34730
34731
34732
34733
34737
34738
34739
34742
34743
34744
34746
34749
34750
34784
34785
34786
34787
34788
34790
34795
34796
34797
34798
34799
34800
34801
34802
34803
34807
34808
34809
34810
34811
34812
34813
34817
34818
34819
34820
34821
34822
34823
34827
34828
34829
34830
34831
34832
34833
34836
34839
34842
34843
34846
34847
34848
34850
34854
34858
34860
34862
34864
34865
34882
34887
34892
34896
34899
34908
34911
34917
34918
34922
34936
34937
34938
34939
34940
34942
34943
34944
34945
34946
34947
34948
34950
34964
34972
34973
34976
34977
34978
350
35012
35013
35047
35049
35050
35059
3506
35060
35062
35065
35066
35068
35070
35085
35089
35099
351
35102
35105
35107
35109
35123
35124
35125
35128
35129
35130
35131
35132
35134
35141
35142
35143
35144
35146
35148
35150
35153
35154
35156
35157
35159
35160
35161
35162
35163
35164
35165
35166
35169
35171
35172
35175
35176
35177
35178
35181
35185
35189
35192
35194
35196
35203
35207
35211
35213
35215
35216
35217
35218
35221
35223
35224
35227
35229
35240
35241
35243
35266
35267
35268
35270
35273
35276
35281
35283
35285
35287
35291
35294
35295
35296
35297
35298
35299
35300
35305
35314
35315
35322
35323
35324
35326
35328
35331
35333
35336
35337
35338
35348
35356
35360
35362
35365
35368
35370
35374
35379
35385
35395
354
35420
35422
35457
35464
35466
35469
35470
35472
35473
35476
3548
35489
3549
35490
35506
35507
35509
35512
35513
35517
35520
35530
35531
35532
35533
35534
35537
35560
35572
35580
35582
35585
35586
35588
356
35605
35607
35615
35617
35618
35619
35621
35622
35623
35625
3563
35630
35631
35632
35633
35636
35638
3564
357
35703
35704
35705
35706
35707
35708
35711
35718
35719
35720
35722
35723
35727
35729
35730
35731
35732
35733
35735
35737
35743
35745
35746
35747
35764
35765
35769
35774
35776
3578
35780
35781
35786
35787
35789
35791
35793
35796
35799
35805
3581
35810
35812
35813
35819
35821
35822
35823
35877
35904
35905
35908
35909
35913
35914
35917
3592
35920
35922
35923
35925
35926
35937
3594
35940
35946
35947
35949
35951
35952
35953
35954
35957
35958
35960
35964
35971
35972
35973
35974
35975
35977
35978
35979
35984
35985
35986
35987
35988
36
36015
36017
36018
36019
3602
36021
36022
36023
36025
36029
36030
36033
36034
36035
36037
36038
36039
36041
36042
36053
36054
36056
3606
36062
36069
36073
36075
36079
3608
36081
36083
36084
36088
3610
36106
36107
36108
3611
36112
36114
36115
36121
36123
36125
36126
36127
36128
36133
36135
36136
36137
36138
36140
36141
36142
36145
36149
3618
3623
3627
363
3631
3632
3633
3634
3636
3637
3639
364
3641
3644
36519
36520
36521
36523
36537
36540
36541
36543
36554
36555
36556
36557
36559
36561
36566
36575
36587
36595
3661
3662
36624
36625
36627
36629
36631
36634
36636
36638
36639
36640
36642
36644
36649
36651
36654
36657
36658
36659
36661
36664
36668
3667
36672
36673
36675
36683
36684
36685
36686
36688
36689
3669
36691
36696
36698
36700
36702
36704
36706
36707
36709
36711
36712
36716
36717
36731
3679
368
3681
3682
3683
3687
36871
36872
36873
36875
3688
36896
36897
369
3690
36901
36902
36904
36906
36907
3691
36910
36911
36912
36914
3695
3697
3699
36992
36994
36995
36997
36998
3700
37000
37001
37002
37003
37004
37005
37007
37009
37010
37012
37019
37020
37023
37026
37027
37028
3703
37030
37032
37034
37035
37037
37039
37042
37044
37045
37046
37047
37050
37053
37054
37055
37056
37057
37058
37059
3706
37060
37061
37062
37063
37064
37065
37066
37067
37068
3707
37070
37071
37072
37074
37077
3708
37081
37083
37089
37090
3710
37117
37132
37134
37135
37137
37138
37148
37153
3716
37203
37204
37208
37209
3721
37214
37219
3722
37227
37228
3724
37240
37257
37258
3726
37278
37284
37286
37296
37309
37310
37324
37325
37326
3733
37331
37335
37336
37337
37338
37340
37344
37345
37349
3735
37351
37352
37353
37355
37356
37358
37362
37363
37364
37365
37366
37367
37368
37371
37384
37385
3739
37390
37391
37394
37396
37399
37403
37406
37408
37410
37411
37412
37418
37420
37423
37426
37428
37429
37430
37432
37433
37434
37437
37442
37446
37457
37477
37478
37499
37602
37607
37610
37613
37616
37617
37620
37621
37636
37640
37644
37645
37650
37652
37658
37664
37665
37666
37670
37672
37673
37677
37683
37687
37688
37704
37707
37714
37717
37723
37724
37730
37741
37744
37745
37746
37749
37753
37756
37757
37758
37759
37762
37766
37772
37791
37807
37809
37817
37819
37820
37823
37825
37828
37834
37835
37836
37837
37838
37845
37847
37848
37862
37865
37872
37873
37883
37890
37891
37894
37911
37914
37916
37924
37925
37926
37927
37930
37934
37936
37938
37943
37951
37958
37961
37962
37963
37964
37967
37968
37970
37971
37976
37979
37980
37982
37984
37986
37988
37990
37997
37998
37999
38
38000
38001
38004
38006
38012
38013
38014
38015
38018
38020
38021
38023
38024
38025
38026
38027
38029
38030
38033
38048
38055
38065
38067
38069
38072
38073
38074
38076
38079
38080
381
38131
38138
38140
38141
38149
38151
38156
38176
38187
38218
38219
38222
38225
38227
38258
38261
38271
38273
38279
38280
38281
38283
38284
3832
38326
38342
38344
38346
38347
38349
38352
38355
38357
3837
38387
38392
38401
38402
3845
38483
38489
3851
38518
3852
38524
38526
38528
38529
3853
38530
38531
38532
38534
38535
38537
38539
38544
38545
38546
38548
38549
3855
38552
38553
38557
38559
3856
38560
38567
38568
38570
38571
38575
3858
38585
38586
3859
3862
3864
38645
3866
38671
38673
38681
38682
38685
38688
38713
38718
38727
3873
38734
38737
38738
3874
38743
38745
3876
3877
3878
3880
38811
38813
38815
38816
38817
3883
3884
3885
38851
38852
38853
38855
3886
38862
38866
38869
3887
38871
38877
38878
38879
3888
38883
38884
38889
3889
38898
3890
38902
38903
38904
38905
38906
38907
38908
38909
38910
38911
38917
38918
3892
38922
38925
38926
3893
38935
38936
38937
38938
38951
3896
38966
38967
38968
38969
38973
38976
38996
39
39004
39012
39013
39018
39021
39022
39025
39027
39029
3903
39030
39039
39043
39051
39055
39059
3906
39060
39061
39062
39063
39064
39065
3907
39070
39071
39072
39074
39076
3908
3909
391
3910
3911
3912
3913
3914
39142
39147
3915
39156
39158
39159
3916
39161
39166
39167
39168
39169
3917
39171
39172
39174
39178
3918
39184
3920
3921
39212
39214
39215
3922
39222
3923
3925
3926
39270
39272
39274
39290
3931
39319
3932
39321
39325
39326
3933
3934
39367
39368
3937
39378
39379
39389
39391
39392
39404
3941
39412
39414
39415
3942
3943
39446
3946
39462
3947
3948
39484
3949
39498
39500
39503
39505
39508
3951
39511
39513
3952
3957
39573
39575
39576
3958
39587
39588
39589
3959
39590
39592
39597
39599
3960
39600
39601
39607
3961
39611
39612
3962
39623
39624
3964
3965
39666
39667
3967
3968
39682
39683
3969
39693
39699
3970
39700
39706
39708
3972
39722
3973
39734
39736
3974
3975
39756
39757
39758
3976
39760
39766
39767
39769
3977
39772
39777
39778
39779
3978
3979
39796
39799
398
3980
39800
39802
39803
39806
39808
39809
3981
39810
39811
39812
39814
39816
39817
39818
3982
39822
39828
39831
39832
39833
3985
39854
3988
3990
3991
3992
3993
3994
39941
39947
39948
39960
3997
39977
39979
3999
39990
39994
4000
40012
40014
40047
4005
40059
4007
40072
40075
4008
401
4010
4013
4014
4016
40202
40205
40206
40209
40210
40213
40214
40216
40218
4022
40221
40222
40223
40229
40233
40234
40238
40247
40248
40249
40250
40251
40252
40255
40257
40258
40259
40260
40264
40265
40267
40268
40269
40270
40271
40275
40276
4028
40284
40286
40290
40291
40292
40293
40294
40297
40298
40301
40302
40304
40306
40307
40308
4031
40311
40316
40317
40318
40320
40321
40324
40325
40326
40328
40335
40336
40339
40340
40341
40344
40346
40347
40348
40349
40351
40352
40354
40355
40356
40357
40359
4036
40361
4037
40370
40376
40379
40382
40383
40387
40388
40389
40392
40394
40395
40396
40398
40399
40402
40403
40404
40405
40406
40407
40408
40409
40411
40424
40426
40428
40429
40432
40434
40442
40443
40444
40445
40446
40450
40452
40453
40454
40456
40459
40461
40462
40463
40464
40467
40468
4047
40471
40472
40474
40479
4048
40480
40483
40485
40487
40499
40502
40504
40506
40507
4051
40510
40511
40512
40513
40514
40515
40516
40527
40528
4053
40531
40532
40533
40534
40536
40539
40541
40542
40543
40544
40545
40547
40549
40551
40552
40556
40566
4057
40576
4058
40580
4059
40591
40592
40595
40596
40597
40598
40601
40602
40606
40607
40609
4061
40615
40616
40619
4062
40620
40622
40623
40624
40626
40627
40629
4063
40631
40632
40633
40634
40635
40637
40639
40646
40647
4065
40650
40653
40654
40657
40658
40659
4066
40660
40671
4068
40680
40681
40682
40683
40684
40685
40689
40696
40701
40709
40710
40713
40721
40723
40724
40725
40726
40729
40736
40737
40738
40739
40746
40753
40757
40763
40765
40766
40769
40770
40771
40772
40773
40774
40777
40779
4078
40781
40782
40783
40784
40785
40787
40788
40789
4079
40791
40792
40793
40796
40797
40798
40799
4080
40800
40801
40802
40803
40805
40806
40807
40808
40809
40810
40811
40815
40817
40818
40822
40823
40824
40825
40826
40827
40828
40829
40830
40831
40832
40834
40835
40836
40839
40840
40843
40844
40845
40846
40847
40848
40849
4085
40852
4086
40860
4087
40874
40886
40887
40888
4089
40901
40906
4091
40910
40911
40924
40926
40934
40938
4094
40944
40979
4098
40980
4099
40995
410
4100
41005
41013
41039
41043
41060
41068
4108
41095
41096
41097
41099
411
41100
41101
41102
41103
41104
41107
41108
41109
41110
41111
41114
41118
41120
41125
41128
41136
4114
41140
41142
41144
41145
41147
41148
41155
41157
41174
41179
41182
41183
41185
41194
41198
41210
41238
41239
4124
41241
41246
41247
41248
41249
41255
41257
41263
41266
41273
41278
41279
41283
41284
41288
4137
4138
4139
4140
4141
4144
4145
4147
415
41514
41544
41545
41551
41582
4159
41591
4161
4162
4163
4164
41658
4166
41673
4168
41685
41686
41687
41688
41693
41698
41699
417
4170
41700
41703
41743
41756
418
41820
41821
41822
41823
41825
4183
4188
419
4190
4191
4194
41956
41960
41979
41981
41985
41988
420
4200
4201
4202
4203
42049
421
4211
4213
4214
42140
42141
42142
42144
42146
42147
42150
42153
42154
42159
42160
42161
42164
42165
42168
42169
42170
42171
42172
42173
42174
42175
42176
42177
42178
42179
4218
42180
42181
42183
42185
42191
42192
42194
42195
42196
42197
422
4220
42204
42207
42209
42211
42212
42213
42218
42219
42221
42222
42223
42224
42225
42228
4223
42232
42234
4224
42251
42254
42270
42272
42276
4229
423
4230
42306
4231
42321
42322
42329
42331
42335
4234
42340
42341
42342
4236
4239
42393
42399
4240
42400
42401
42402
42407
42409
4241
42410
42413
42414
42418
4242
42424
42426
42427
42428
42431
42432
42433
42434
42436
42439
42441
42443
42444
42449
42451
42452
42453
42455
42457
4246
4247
4248
425
42503
42510
42512
42515
42520
42528
42534
42535
42536
42539
4254
42543
4255
42551
42552
42553
4259
42597
4260
42604
42608
42612
42613
42618
42619
42621
42622
42624
42648
42659
4266
42660
42664
42668
42683
42686
42699
427
42701
42703
42708
42709
4271
42710
42711
42712
42716
42717
42722
42724
42725
42726
42728
42730
42732
42733
42734
42743
42744
42746
42756
4276
42763
42765
42766
4279
4281
42829
42830
4284
42847
42852
4286
42867
42868
4288
42905
42911
42942
42943
42945
42955
42959
42960
4299
42999
43000
43003
43004
43007
43008
43016
4304
4305
4306
4308
43098
431
4310
43101
4311
4313
43130
43132
43133
4316
4317
4318
4320
4325
43259
43261
43263
43264
43269
43271
4328
43297
433
43304
43307
43308
4331
43316
43323
43326
43327
4333
43330
43332
43333
43334
43339
43345
43346
43348
4335
43351
43352
43353
43354
43359
43360
43361
43362
43364
43366
43368
43369
43370
43371
43372
43373
43375
43377
43378
43379
43380
43381
43382
43383
43386
43387
43388
4339
43391
43394
43395
43399
4340
43408
4341
43413
43414
43415
43416
43419
43424
43427
4343
43431
43433
43434
43436
43437
43438
43439
43440
43441
4345
43455
43457
43458
43476
43487
43489
43490
43491
43492
43494
43495
43496
43497
43499
435
4350
43501
4351
43519
43520
43530
43539
43540
43544
43545
43546
43547
43552
43556
43567
4358
43581
43582
43586
43587
43588
436
4361
43610
43611
43615
4364
43657
43659
4366
43660
43661
43662
4367
4368
43685
43686
4369
43694
43696
43698
43699
43702
43703
43704
43705
43707
4371
43711
43713
43714
43716
43717
4372
43721
43722
43723
43724
43725
43726
43727
43730
43735
43736
43737
43738
43739
4374
43740
43741
43746
43748
43749
4375
43751
43752
43756
43758
43759
43768
43769
43776
43779
43781
43784
43794
43796
43797
43799
43804
43805
43809
4381
43811
43812
43818
4382
43823
43824
43827
4383
43830
43832
43839
43840
43843
43844
43848
43849
4385
43852
43853
43856
43858
43859
4386
43861
43863
4387
43874
43879
4388
4389
43903
43904
4391
43913
43914
43919
43920
43921
43922
43923
43924
43925
43927
43928
4393
43930
43931
43932
43933
43934
43936
43939
43940
43943
43945
43948
43951
43952
43953
43954
43955
43957
43958
4396
43960
43961
43964
43965
43966
4397
43974
43975
43984
43989
43992
43993
440
44000
44001
44002
44003
44009
44013
44018
44021
44022
44025
4403
44031
44035
44037
44038
44039
44045
44046
44047
44054
44056
44061
44063
44069
44072
4408
44080
44082
44087
44100
44101
44103
44119
44128
4413
44131
44134
44135
44136
44138
44139
44140
44144
44147
44149
4415
44152
44154
44172
44173
44178
44179
44182
44183
44185
44189
4419
44190
44213
44214
44216
44218
44219
44220
4424
44259
44264
44267
4430
4431
4434
44353
44370
44371
44376
44377
44383
44384
44386
44387
44388
44389
4439
44390
44391
44393
44395
44398
44399
444
4440
44400
44401
44403
44408
44409
44410
44411
44412
44415
44417
44420
44422
44424
44428
44430
44433
44434
44435
44436
44438
44454
44458
44462
44466
44467
44468
44470
44471
44472
44473
44474
44479
44482
44483
44487
44488
44490
44493
44495
44496
44498
44499
44500
44501
44502
44503
44504
44508
44509
4451
44514
44517
44518
44520
44521
44523
44524
44526
44527
44528
44529
44535
4454
44541
44543
44544
44548
4455
44551
44552
44554
4456
44582
44583
44589
44593
44611
44621
44622
44624
44628
44636
44644
44656
44665
44672
44675
44677
44691
44697
447
44703
44709
44716
44718
44722
44725
44730
44733
44734
44745
44746
44749
44750
44751
44752
44755
44756
44757
44759
44760
44761
44762
44763
44766
44769
4477
44772
44773
4478
44791
448
44801
44802
44803
44804
44805
44806
44813
44816
44830
44832
44846
44849
44850
44852
44854
44889
4489
44897
44898
44899
44903
44915
44916
44917
44918
44921
44924
44926
4493
4495
44959
44963
4497
44973
44975
44976
44978
44979
4498
44980
44981
44982
44985
44990
44993
44996
44997
44998
45000
45001
45002
45004
45007
45013
45014
45016
4502
45028
4503
45033
45034
45035
45037
45038
45039
4504
45041
45047
45049
4505
45051
45058
4506
45065
4507
4508
4509
4510
4513
452
45201
45204
45205
45206
4521
45210
45212
45220
45221
45226
45228
4524
45243
45244
45246
45247
45249
4525
45251
45254
45256
45259
45260
45261
45265
45266
45267
45269
4527
45270
45271
45272
45275
4528
45282
45283
45284
45285
45289
45292
45294
45297
45299
45301
45303
45304
45305
45306
45309
4531
45312
45313
45314
45315
45316
45318
4532
45320
45322
45323
45324
45327
45339
4534
45343
45372
45374
45380
454
45403
45404
45405
45406
45407
45413
45415
45417
45421
45423
45427
45430
45432
45435
45438
45439
45440
45441
45442
45443
45444
45446
45447
45448
45449
4545
45450
45458
45459
4546
45461
45464
45466
45467
45468
4547
45473
45474
45477
45478
45479
45480
45481
45482
45485
45486
45487
45488
45489
45490
45491
45492
45493
45494
45495
45496
45497
45498
45499
45500
45501
45502
45503
45504
45505
45506
45508
45509
4551
45510
45513
45514
45515
45516
45517
4552
45520
45521
45525
4553
45530
45532
45538
45539
4554
45540
45542
45547
4555
45550
45552
45554
4556
45561
45562
45563
45564
45565
45566
45568
45569
45570
45572
4558
45585
45588
45589
4559
45591
45592
45597
45598
4560
45600
45603
45607
45608
4561
45610
45612
45614
45619
45623
45628
45631
45635
45639
4564
45641
45642
45644
45645
45646
45648
45653
45655
45658
45659
45661
45664
45665
45667
4567
45673
45674
45681
45685
45690
45695
45698
457
4570
45700
45712
45713
4573
45737
45739
4574
45740
4575
4577
45773
4578
4579
45792
45793
458
4580
4582
45831
45832
45833
45836
45837
4584
45841
45843
45849
4585
45850
45854
4587
4588
45887
4590
45902
45905
45915
45921
45922
45925
45927
45928
4593
45930
45931
45939
4594
45941
45942
45946
45947
45949
4595
45950
4596
45966
45969
45974
45977
4598
45994
45995
45998
460
4600
46001
46009
4601
46016
46024
46029
46036
46037
46038
46042
46047
46049
46054
46058
46059
46063
46066
46071
46072
46074
46075
46084
46127
46198
46199
46201
46206
46208
46271
46291
4632
46360
46363
46364
46370
46374
46375
46377
46378
4638
46382
46383
46384
46385
46388
46389
46390
46395
46396
464
4640
46409
4641
46410
46412
46422
46437
46454
46478
46483
46487
46488
4649
46490
46491
46492
46496
4650
46500
46501
46502
46505
46506
46507
46508
46510
46512
4652
46520
46521
46526
4653
46536
46547
46548
46587
46588
46589
4659
46602
46603
4661
46610
4662
46620
46624
46625
4664
46654
46655
46657
4666
46662
46664
46665
46674
46676
46678
4668
46683
4669
46692
46696
46697
4670
46700
46703
46707
46708
4671
46719
46720
46721
46723
4674
4675
46758
46764
46765
4678
46789
4679
468
4680
46816
46824
4683
46835
4690
4692
47
4702
4704
4705
4707
4708
471
4713
4714
4716
4719
4720
4722
4724
4725
4728
4734
4738
4740
4742
4743
4745
4750
4751
4752
4753
4756
4757
4758
4759
4760
4762
4763
4764
4767
4768
4769
477
4770
4771
4772
4774
4775
4780
4781
4783
4785
4786
4789
4790
4791
4792
4793
4802
4803
4807
4808
4810
4811
4812
4813
4814
4817
4818
4820
4824
4825
4830
4834
4835
4836
4837
4839
4844
4846
4848
4850
4852
4861
4863
4864
4868
4872
4874
4880
4881
4882
4884
4893
4895
4896
4897
4898
49
4900
4902
4908
4910
4914
4915
4916
4918
4919
4923
4924
4925
4926
4928
4929
4931
4936
4939
494
4941
4944
495
4953
4957
4960
4963
4968
4969
4971
4973
4976
4978
4979
498
4982
4983
4984
4987
4988
4989
4991
4994
4996
5000
5008
5010
5011
5013
5014
5015
5017
5019
5022
5023
5026
5030
5033
5034
5036
5039
5040
5048
5049
5050
5051
5052
5053
5055
5056
5057
5059
5061
5062
5065
5068
5070
5072
5073
5074
5075
5078
5079
5081
5084
5087
5092
5096
5097
5100
5101
5102
5104
5105
5106
5107
5114
5115
5117
5118
5120
5121
5122
5123
5124
5125
5126
5129
5131
5133
5135
5139
514
5140
5141
5145
5152
5154
5157
5169
517
5173
5174
5177
5181
5185
5188
5190
5191
5192
5193
5194
5209
521
5214
5221
5226
5227
5228
523
5231
5232
5233
5234
5239
525
5254
5255
5257
5259
526
5264
5266
5274
5275
5276
5277
5278
5280
5283
5285
5287
5288
5289
5291
5293
5300
5304
5308
5309
5314
5316
5317
5321
5322
5323
5328
5329
533
5333
5334
5335
5336
5339
5345
5346
5349
5350
5351
5352
5353
5354
5355
5356
536
5361
5362
5364
5365
5367
5368
5377
5380
5384
5385
5387
5388
539
5390
5391
5394
5401
5402
5404
5406
5408
5410
5415
5416
5417
5419
542
5421
5422
5423
5429
543
5431
5437
5438
5439
544
5440
5441
5442
5444
5447
5448
5450
5452
5455
5457
5458
5463
5464
5465
5466
5467
5474
5475
5476
5486
5492
5493
5495
55
5501
5504
5506
551
5516
5518
5519
5520
5522
5525
553
5537
5538
5542
5544
5550
5553
5554
5555
5556
5560
5564
5566
5567
5572
5575
5576
5577
5581
5583
5587
5588
5589
559
5590
5591
5593
5595
5596
5597
5598
56
5606
5607
5608
561
5613
5619
562
5620
5621
5622
5625
5626
5628
5629
5630
5631
5633
5634
564
5645
5646
5650
5651
5653
5654
5658
5659
566
5660
5663
5666
5668
5669
5670
5674
5681
5683
5684
5685
5686
569
5690
5693
5694
5695
5696
5697
5698
57
570
5700
5702
5703
5709
5710
5712
5713
5714
5715
5717
5720
5722
5728
573
5730
5732
5733
5735
5737
5739
574
5745
5746
5749
575
5750
5755
5759
576
5766
5767
5775
5777
5778
5779
5780
5782
5784
5785
5786
579
5790
5792
5793
5797
5798
58
5804
5807
5809
5814
5819
582
5820
5830
5842
5845
5846
5849
5853
5855
5856
5857
5858
5859
586
5862
5865
5866
5867
5868
5869
587
5870
5871
5872
5874
5875
5876
5877
588
5880
5881
5883
5884
5887
5888
5890
5892
5894
59
590
5913
5916
592
5931
5933
5936
5937
5938
5939
5941
5942
5943
5944
5946
5947
5949
595
5950
5951
5958
5959
5960
5962
5964
5966
5969
5970
5971
5972
5973
5974
598
5984
5987
5988
599
5994
5995
5996
6
600
6001
6007
6010
6012
6013
6014
6020
6028
6030
6033
604
605
6058
6059
6060
6063
6064
6065
6066
6070
608
6083
6087
6088
6089
609
6090
6093
6094
6096
6097
6098
61
6100
6104
6105
6106
6107
6109
611
6110
6116
6117
6118
6122
6123
6124
6126
6128
6129
613
6130
6132
6134
614
6143
6147
6149
615
6150
6151
6152
6154
6155
6156
6158
6159
616
6160
6161
6168
6169
6170
6174
6175
6176
6177
6178
6180
6182
6184
6191
6192
6196
6198
620
6202
6206
6208
6213
6216
6227
6229
6230
6231
6232
6233
6234
6235
6236
624
6241
6242
6243
6244
6248
6249
6250
6251
6253
6255
6256
6257
6258
626
6260
6262
6263
6266
6267
6269
6272
6273
6274
6275
6278
628
6281
6283
6284
6285
6286
6287
6289
629
6292
6293
6294
63
630
6300
6301
6302
6304
6307
631
6312
6313
6314
6315
632
6320
6321
6325
6326
6327
6328
6329
6332
6333
6339
634
6340
635
6352
6354
6355
6356
636
637
638
6380
6387
6388
64
6400
6401
6403
6407
6408
6409
6413
6414
6415
6416
6418
6419
642
6420
6421
6422
6423
6424
6425
6426
643
6439
644
6442
6444
645
646
6461
6463
6469
647
6477
6478
648
6482
6483
6484
6485
6488
649
6492
6495
65
6500
6514
6515
6516
6518
6525
6537
6554
6556
6557
6560
6565
6568
6569
6573
6575
6577
6583
6584
6585
6586
6588
6589
659
6593
6596
6597
6598
6599
6600
6601
6602
6603
6605
6606
6607
6611
6615
662
6621
6623
6624
6625
6626
6628
663
6634
6635
6636
6637
6638
665
666
667
6675
668
670
6700
671
6711
672
6722
6726
6727
6729
6732
674
6746
6747
6749
6750
6751
6752
6753
6754
6755
6759
676
677
6774
6779
678
6780
6781
6789
679
6791
680
6804
6805
6806
6807
6808
6820
6821
6822
6826
6827
6828
6831
6833
6849
685
6850
6853
6865
6866
687
6870
6875
6884
6885
6887
6890
6897
6898
690
6900
6901
6904
691
6911
6915
6917
692
6920
6921
6923
6924
6925
6926
6928
6930
6933
6934
6935
6936
6937
6938
6939
6942
6943
6944
6945
6948
6950
6951
6952
6954
6955
6959
6960
6961
6967
6968
697
6970
6972
6973
6974
6975
6976
6977
6978
6979
6980
6983
6984
6985
6988
6989
6994
6997
6999
700
7004
7006
7008
7009
701
7010
7011
7016
7019
702
7020
7023
7028
7029
703
7037
7039
7040
7041
7043
7047
7049
705
7050
7052
7055
7056
7057
7058
706
7064
7067
7069
707
7072
7074
7076
7077
7078
708
7080
7081
7082
709
7095
7096
7097
7099
71
7100
7102
7103
7105
7106
7107
7108
7109
7113
7114
7116
7119
712
7120
7122
7123
7124
713
7131
7132
7137
7138
7139
7142
7144
7145
7146
7147
7148
7149
715
7150
7151
7152
7154
7155
7156
716
7160
7161
7162
7165
7166
7167
7168
7169
7170
7172
7174
7175
7176
7177
7179
7180
7181
7183
7187
7192
7194
7195
7196
7197
7198
7200
7203
7206
7207
721
7212
7217
722
7228
7231
7234
7237
7238
7239
7240
7241
7244
7247
7248
7249
7250
7251
7252
7254
7257
726
7267
7268
7269
7270
7273
7274
7277
7278
7279
7280
7282
7283
7284
7288
7289
7290
7291
7292
7293
7298
7306
7307
7310
7313
7314
7315
7316
7317
7318
732
7320
7321
7326
7327
7330
7333
7334
7336
7338
7342
7349
735
7350
7351
7355
7360
7361
7362
7368
7369
737
7372
7373
738
740
7420
7434
7437
7439
7441
7442
7443
7444
7446
7449
7452
7453
7454
7455
7456
7457
7458
7459
7463
7464
7466
7468
7469
7470
7478
749
7492
7498
75
7514
7516
7520
7522
7526
7527
7529
7530
7533
7534
7535
7536
7537
7538
7540
7542
7543
7545
7546
755
7555
7556
7558
756
7560
7561
7563
7564
7566
7567
7569
757
7572
7577
7578
7579
758
7581
7582
7583
7588
7589
759
764
7646
7649
7654
7657
7659
7661
7663
7664
7665
7666
7667
767
7670
7671
7673
7675
7677
7678
768
7685
7686
7688
769
7691
7696
7698
7699
77
770
7701
7703
7706
7707
7711
7713
7714
7716
7718
7719
772
7722
7723
7727
7728
7733
7735
7736
7737
7738
7742
7747
7748
7749
775
7750
7751
7752
7753
7754
7757
7758
7765
777
7772
7773
7775
7776
7778
7782
7784
7786
7794
7796
7797
780
7806
7808
781
7813
7819
7820
7821
7822
7823
7825
7829
783
7830
7831
7834
7837
7838
784
7841
7845
7848
7851
7853
7854
7856
786
7869
787
7870
788
7881
7883
7887
7890
7891
7894
7895
7896
7899
79
7900
7901
7903
7904
7905
7906
7908
791
7910
7914
7915
7916
7918
7920
7921
7922
7923
7924
7925
7926
7928
7930
7934
7936
7938
7941
7942
7943
7944
7945
7946
7948
7950
7951
7953
7954
7955
7956
7960
7963
7964
7966
7967
7968
7970
7977
7979
798
7982
7983
7984
7987
7988
799
7993
7994
7995
80
800
8000
8007
8010
8012
8017
8018
8019
8020
8024
8025
8028
8029
8030
8031
8040
8041
8042
805
8065
8067
8068
8080
8085
8086
8088
8089
8092
810
8100
8101
8103
8106
8107
8109
8110
8111
8115
8116
8121
8128
8129
8132
8135
8136
8138
814
8140
8142
8143
8144
8145
8146
8150
8151
8153
8155
8157
8158
8161
8166
8171
8174
8175
8176
8177
8178
8181
8182
8183
8185
8187
8188
819
8195
8197
8198
8199
82
8200
8204
8205
8206
8208
8212
8215
8216
8219
8221
8224
8225
8226
8227
8228
8229
8230
8231
8232
8233
8234
8240
8245
8248
8249
8251
8252
8253
8255
8256
8257
8259
8260
8262
8265
8268
8269
8270
8273
8274
8275
8276
8279
8280
8289
8294
8295
8297
8298
8299
83
8300
8303
8305
8311
8313
8317
8320
8329
833
8330
8332
8339
8348
8351
8352
8353
8355
8356
8359
8363
8365
8368
8369
837
8374
8375
8376
8377
8380
8384
8385
8387
8390
8392
8394
8395
8396
8397
8398
8401
8402
8405
8407
841
8410
8412
8413
8414
8416
8422
8424
8425
8426
8427
8429
8430
8433
8435
8439
8440
8443
8444
8445
8449
8452
8454
8455
8456
8457
8458
8459
8460
8461
8462
8463
8466
8468
8469
8470
8471
8473
8476
8479
8480
8481
8486
8487
8488
8489
8493
8495
8502
8503
8504
8505
8506
8508
8509
8510
8516
8518
8519
8523
8526
8529
853
8531
8533
8534
8538
8539
8540
8546
8550
8553
8555
8556
8562
8563
8566
857
8571
8575
858
8582
8585
8588
8589
8590
8592
8593
8595
8599
8600
8601
8602
8603
8604
8606
8609
8610
8614
8615
8617
8619
8633
8636
8637
8640
8654
8659
866
8674
868
8685
8687
869
8694
8696
8699
870
8702
8703
8708
8710
8713
8716
8717
8723
8726
8729
8732
8733
8734
8735
8736
8737
8738
8742
8747
8752
8753
8754
8756
8760
8761
8763
8764
8766
8770
8779
8788
8790
8792
8793
8794
8796
8800
8805
8807
8808
8809
8810
8811
8813
8814
8816
8821
8822
8825
8833
8834
8836
8843
8854
8859
8864
8865
8866
8871
8872
8873
8876
8879
8881
8882
8885
8890
8891
8892
8893
8895
8897
8903
8906
8908
8909
8914
8915
8916
8918
8923
8924
8925
8928
8929
893
8937
8938
8955
8959
8961
8962
8963
8964
8966
8970
8972
9003
901
9012
9019
903
904
905
906
910
911
9118
913
9130
9131
9132
9133
9134
9145
9147
9148
9149
9150
9151
9152
9156
9157
917
9172
9174
9180
9181
921
922
9224
9226
9232
9238
924
9244
9245
925
9250
9264
9266
9269
927
9274
9275
9276
9278
9280
9284
9287
9288
929
93
9302
9306
9307
931
9311
9312
9313
9314
9315
9317
9318
9322
9323
9324
9325
9326
9328
9329
9330
9331
9334
9335
9336
9337
934
9340
9341
9343
9346
9348
9349
935
9352
9358
9359
936
9360
9361
9365
9367
9369
937
9370
9371
9373
9374
9375
9377
9378
9379
938
9380
9384
9389
9390
9391
9394
9395
9397
9398
94
940
9404
9405
9406
9408
9418
9420
9424
9425
9426
9427
9428
9429
9430
9431
9433
9435
9437
9438
944
9440
9441
9442
9444
9446
9448
9451
9454
9455
9456
9457
9458
9459
946
9463
9464
9467
9468
9469
947
9475
9477
9479
948
9480
9482
9483
9484
9488
9489
9493
9495
9497
9498
9500
9505
9506
9507
9509
951
9511
9513
9514
9515
9516
9518
9519
9520
9530
9531
9533
9534
9535
9537
9538
9541
9545
9550
9555
9556
9558
9559
956
9563
9566
9568
9569
957
9571
9572
9573
9574
9579
9586
9587
959
9592
9593
9595
9598
96
960
9602
9603
9604
9605
9606
9607
9608
961
9611
9614
9616
9617
9618
9619
9622
965
966
9660
9665
9676
9678
9679
968
9681
9682
9683
9684
9685
9687
9688
9690
9692
9698
9699
97
970
9701
9703
9704
9706
9711
9717
9722
9723
9724
9726
9727
9728
973
9730
9731
9733
9735
9739
974
9748
9749
975
9753
9754
9755
9756
9757
9759
976
9760
9762
9767
9769
977
9770
9771
9778
978
9780
9784
9785
9786
9789
9790
9791
9792
9794
9797
9798
9799
98
9800
9802
9805
9806
9807
9808
9809
9811
9815
9817
9818
9819
9823
9824
9826
9827
9828
9829
983
9831
9832
9838
9839
9840
9842
9843
9844
9845
9846
9848
9849
9851
9852
9853
9854
9858
986
9861
9867
9868
9869
9871
9872
9877
9879
988
9881
9883
9884
9885
9886
9888
9889
9890
9891
9896
9897
9898
99
9900
9903
9904
9905
9909
9910
9911
9918
9919
992
9920
9922
9923
9925
9929
9930
9933
9936
9939
994
9941
9942
9943
9944
9945
9946
9947
9953
9954
9955
9966
9968
9973
9976
9977
9978
9979
9982
9983
9987
999
9996
