1000
10001
10003
100048912
100073347
10010
100101266
100113384
100124533
100124537
100124538
100124696
100126299
100126319
100128006
100128124
100128164
100128252
100128496
100128590
100129034
100129055
100129066
100129195
100129269
100129583
100129669
100129716
100129792
100129827
100130231
100130298
100130460
100130557
100130742
100130958
100130992
100131060
100131208
100131213
100131257
100131289
100131378
100131561
100131635
100131902
100133308
100133612
100134444
100169890
100188893
100191040
100192204
1002
100216546
10022
100287114
100287226
100287284
100287314
100287722
100287932
100288077
100288142
100288428
100289178
100289230
100302113
100302136
100302152
100302159
100302161
100302172
100302185
100302191
100302192
100302217
100302239
100302258
100302260
100302267
100302281
100302287
100302640
100302736
100302746
100303453
100313841
100313884
100313886
100313895
100313938
100329135
100379174
1004
10040
10042
100422556
100422824
100422849
100422859
100422883
100422887
100422888
100422894
100422895
100422897
100422903
100422918
100422924
100422936
100422959
100422973
100422986
100422988
100422990
100423005
100423011
100463289
100463487
10048
100499171
100499467
1005
100500803
100500825
100500834
100500852
100500854
100500868
100500891
100500895
100500903
100500904
100505385
100505518
100505536
100505547
100505692
100505702
100505806
100505826
100505841
100505845
100505875
100505879
100505894
100505912
100505994
100506035
100506049
100506082
100506124
100506237
100506334
100506403
100506409
100506412
100506422
100506474
100506475
100506495
100506497
100506622
100506658
100506660
100506686
100506696
100506747
100506765
100506769
100506858
100506866
100506994
100507034
100507056
100507062
100507064
100507099
100507117
100507127
100507143
100507163
100507205
100507206
100507244
100507266
100507362
100507433
100507470
100507475
100507528
100507533
100507634
100526664
100526761
100526767
100526820
100526835
100526837
100528021
100528030
100529207
100529261
100532724
100533111
100533182
100533464
100533467
100534012
10056
1006
100616113
100616144
100616169
100616179
100616182
100616190
100616206
100616207
100616215
100616239
100616243
100616245
100616246
100616252
100616257
100616267
100616272
100616275
100616291
100616326
100616327
100616334
100616347
100616350
100616352
100616361
100616369
100616373
100616379
100616384
100616387
100616408
100616435
100616436
100616451
100616452
100616457
100616472
100616473
100616481
100631383
100652749
100652772
100652997
10069
100750225
100750246
100750247
1008
10082
100820709
100846978
100846997
100847023
100847025
100847064
100847071
100847077
100847081
100847083
100847084
100847092
10085
100852408
100852409
100852410
100856811
100859921
100861412
100861514
100861552
100862679
100862680
100873753
100873754
100873762
100873771
100873774
100873775
100873933
100873946
100873948
100873969
100873972
100873973
100873979
100873984
100873989
100874002
100874011
100874012
100874016
100874047
100874052
100874053
100874064
100874084
100874086
100874087
100874126
100874128
100874139
100874147
100874150
100874157
100874167
100874168
100874173
100874175
100874187
100874195
100874196
100874203
100874222
100874243
100874286
100874322
100874330
100874361
100874374
100874375
100874531
100885775
100885778
100885780
100885781
100885789
100885798
1009
10090
10098
100996249
100996280
100996567
100996712
100996941
1010
10110
101180901
10124
10125
10129
10130
10137
101410541
101410545
10143
1015
10150
10160
10165
101669767
10170
10175
101805488
101805492
101867536
101926930
101926960
101926978
101927023
101927045
101927124
101927159
101927176
101927190
101927446
101927488
101927709
101927811
101927967
101928075
101928436
101928505
101928523
101928775
101928882
101929110
101929222
101929244
101929520
101929528
101929716
101930747
101937451
10199
10200
10203
102031319
1021
10213
10216
10225
1024
10242
10243
102465136
102465138
102465254
102465255
102465427
102465430
102465525
102465842
102465854
102465857
102465864
102465877
102466104
102466162
102466189
102466200
102466235
102466865
102466866
102466874
102466875
102466912
102466967
102467080
102467081
102467216
102467217
10252
102546299
10260
102606463
102606466
10261
10265
10274
10276
10282
10283
10286
10289
10299
10314
10320
1033
10335
10345
10351
1036
10368
10370
10371
10384
10385
10388
10403
10418
10427
10438
10443
10446
10451
10464
10472
10483
10499
10507
10526
10529
10531
10539
10551
10556
10561
10563
10569
10576
10580
10584
10590
10592
10600
10611
1062
10622
10626
10644
10656
10659
10666
10667
10672
10681
10690
10692
10694
10699
1070
10716
10717
10718
10739
10752
10758
10765
10769
10788
108
10817
10818
10827
10846
10855
10873
10885
10886
10894
10912
10914
10915
10920
10924
10927
10930
10940
10941
10944
10953
10964
10973
10987
11006
1103
11030
11031
1105
11055
11056
11057
11072
11075
11082
11085
11096
11112
11118
11120
11122
11124
11137
11148
11157
11160
11162
11163
11166
11170
11171
11201
11213
11214
1122
11223
11227
1123
11231
11232
112399
11240
112487
11249
112495
11259
11260
112616
112744
11275
11276
11278
11281
112840
112937
1131
11311
11313
114
114088
114131
114569
114781
114786
114788
114792
114793
114795
114800
114801
114803
114805
114815
114818
114825
114827
114876
114880
114884
114898
115111
115207
115209
115265
115286
115294
115362
115677
115752
115817
115827
116039
116068
1161
116135
116154
116159
116228
116285
116328
1164
116443
116449
116511
116519
116828
116931
116984
116987
117178
117194
117531
117583
117584
1182
1183
118427
118461
118611
118663
118813
118856
118987
119369
119391
119467
119587
119678
119749
119772
120
1200
120066
120103
120114
120400
120534
120775
120935
121227
121256
121260
121278
121457
121506
121551
121601
121952
122042
122046
122481
122830
122876
123169
123606
123624
124274
124359
125113
125488
1262
126204
126231
126820
1272
127253
127255
127579
127602
127731
127795
127833
128025
128102
128153
1284
1285
128553
1286
128710
128822
128866
1290
129401
129446
129607
129684
1297
129831
130
130074
1301
130120
130132
1303
130367
130399
130507
130535
130574
130576
130733
130940
1310
131096
131177
131368
131375
131450
1315
131544
1318
132
132203
132204
132671
132789
133015
133308
133396
133482
133558
133584
133619
133690
133923
134121
134147
134187
134218
134265
134266
134492
1345
134526
134829
134860
1350
135112
135114
135138
135152
135228
136259
136288
1363
136332
1368
136991
137209
1373
1374
137835
137868
137886
1379
137902
137970
138046
138255
1386
138799
138802
138803
138804
138805
1393
1404
140462
140469
140578
140733
140767
140801
140848
140856
140862
140890
142679
1429
143
143162
143241
143458
143501
143502
143570
143684
143872
143879
143884
144100
144193
144321
144360
144448
144455
144776
144920
145249
145264
145389
145508
145567
145581
1456
145820
145942
145946
146177
1462
147
147166
147183
147323
147381
147409
1479
147923
147945
147949
147991
148
148418
1486
148641
148811
149047
1493
1496
149998
150084
1501
150159
150297
150684
151050
151112
151126
151195
151258
151278
151325
151613
151651
151742
151790
151963
151987
152098
152100
152110
152137
152330
152404
1525
152518
152559
152579
152687
152815
153020
153241
153339
153364
153396
153443
153643
153768
153769
153770
153918
154007
154043
154075
154141
154214
154215
154661
154664
1573
157376
157381
157567
157680
157753
157807
157855
158038
1581
158158
158326
158358
158471
1588
159
1591
159963
160
1600
1601
1602
160335
160419
1607
160728
160777
160897
161003
1611
161291
161357
161436
161742
1620
162282
1630
163131
163223
163255
163259
1633
1634
163486
1635
163782
1638
163882
1646
1647
165055
165215
1655
165530
1662
1663
166336
166378
166379
166614
166752
166863
166929
166968
167359
167555
167681
1677
167838
168090
168374
168433
168448
168667
168975
169026
169044
169166
169200
169693
169792
170506
170688
170690
170712
170959
171019
171024
171425
171546
1740
1745
1749
175
1750
176
1767
1768
1769
1780
1793
1794
1803
1804
1806
1807
1814
182
1825
1826
1833
185
1854
1871
1879
1894
19
1908
1909
1910
1915
193629
1946
1948
1956
196294
196441
196472
196527
196541
196549
196740
196951
197
197259
1982
1993
199704
200132
200150
200162
200261
2004
200523
200558
200576
200734
200844
200845
200959
2012
201266
201456
201477
201501
201595
201725
202018
202020
202309
202559
203238
2035
203859
2042
2043
204474
2045
2047
204801
204851
204962
2059
206412
2066
2073
2074
2098
2100
2104
2108
2110
2113
2120
2122
2131
2132
2138
214
2149
216
2160
2162
2172
2191
219402
219417
219428
219431
219432
219464
219477
219484
219493
2195
219527
219578
2196
219681
219771
219844
219938
219972
2200
220074
2201
220134
220164
220972
220980
220992
221002
221035
221037
221061
221074
221078
221079
221154
221223
221241
221303
221322
221400
221442
221443
221656
221687
221692
221710
221711
2218
221806
221833
221895
221981
222008
222223
222234
222236
222255
222545
222546
222553
222642
222643
2241
2243
2244
2247
2250
2257
2259
2262
2263
2271
2272
22795
22798
22801
22803
22807
22808
22824
22828
22853
22854
22856
22858
22862
22865
22871
22873
2288
22881
22891
22894
22897
229
2290
22902
22903
22906
22920
22926
22934
22936
22941
22948
22982
22986
22989
22995
22999
23001
23002
23007
23011
23012
23022
23024
23026
23028
23036
23040
23041
23047
23051
23057
23070
23072
23075
23077
23081
23086
2309
23092
23094
23097
231
23105
23114
23120
23122
2313
23142
23143
2315
23158
23160
23161
23171
23175
23177
23185
23194
23200
2321
23213
23216
23220
23224
23236
23242
23245
23247
23254
23256
23261
23274
23281
23286
23305
23321
23322
23327
23328
23329
23335
23338
2334
23345
23347
2335
23351
23352
23358
23359
23380
23382
23389
23408
23414
23415
23418
2342
23424
23426
23439
23446
23461
23462
23471
23480
23483
23484
23500
23504
23515
23530
23531
23543
23548
23553
23554
23556
23566
23576
2359
23592
23596
23609
23619
23626
23635
23637
23639
23657
23671
23683
23705
23732
23767
23768
23782
238
240
24138
24141
245973
246175
2487
2492
253260
2534
253430
253559
253582
253714
253782
253827
253970
254042
254158
254170
254394
254428
254827
2549
254956
255025
2551
255130
2554
255403
2555
255631
2557
255738
255743
255967
2560
2561
256130
256144
256148
2562
256297
256380
256435
256536
256691
2567
256880
257019
257068
257144
257194
257218
257313
257396
25769
25775
25780
25782
25788
25791
2581
25816
2582
25820
25821
25834
25842
2585
25850
25852
25888
25893
25897
25898
25903
25904
25906
25909
25913
259230
259232
25924
259240
25927
25928
259282
25929
25934
25940
25978
25998
26003
26010
26011
26013
26018
26022
26031
26033
26035
26040
26046
26047
26050
26052
26053
26054
26056
26057
26058
26059
26098
26122
26137
26138
26154
261734
2619
26191
26227
26230
26256
26257
26259
26266
26272
26289
2632
26343
26468
26469
2648
2649
26503
2651
26511
26589
26610
2665
266722
266917
267004
267012
26747
26750
26796
26829
26830
2690
26960
26973
26998
26999
27010
2702
2703
27031
27034
27063
27068
27069
27071
27085
27086
27094
27101
27123
2713
27131
27133
27136
27146
27148
27152
27185
27190
27241
27250
27252
27253
27255
27303
27306
2731
27324
27327
2734
27340
27347
2739
2740
2741
2742
2743
27430
27436
2744
27445
2766
2770
2775
2799
2803
2813
2820
2823
28232
282706
282809
282966
282996
282997
283045
283104
283106
283165
283197
283310
283349
283392
2834
283403
283404
283446
283450
283455
283463
283480
283483
283514
283547
283587
283596
283598
283652
283738
283742
283777
283922
283927
283982
284
284110
284215
284252
284260
284293
284307
284323
284348
284349
284370
284395
284486
284695
28513
285175
285195
285203
285205
285220
285237
285266
285286
285313
285335
285343
285362
285386
285419
285441
285501
285513
285525
285547
285548
285550
285555
2856
285600
285605
285636
285668
285671
285704
285755
285759
285762
285780
285819
285877
285987
286023
286053
2861
286183
2862
2863
286333
286362
286365
286480
2867
287
2877
288
2888
2890
2891
2892
2893
2894
2895
28951
28966
2897
28977
2898
28983
2900
29034
2904
29062
29063
29075
29080
29083
29087
29090
29102
29104
29106
29114
29118
29119
29126
2913
2915
2917
2918
2932
2961
2963
2971
2974
2975
29765
29766
2977
2992
2993
29945
2995
29951
29953
29956
29958
29964
29966
29967
29970
29974
29995
30010
3003
30061
3007
3010
3012
3015
3024
3033
3034
306
3060
307
3075
3077
3084
3091
31
3141
3146
3148
3155
3157
3158
3161
3167
317
3176
317705
317761
3183
3184
3192
3240
3250
326625
3267
328
3283
3284
3295
3298
3329
334
3346
3347
3359
3360
3363
3371
337867
338
3382
338323
338557
338579
338596
338645
338675
338821
339298
339318
339448
339479
339500
339524
339535
339855
339862
339896
339929
339965
339977
340094
340156
340205
340441
340481
340784
340895
340990
341208
341640
3417
341799
341880
341883
342035
342125
342357
342618
342908
343
3434
343450
343505
343578
343930
344018
344022
344148
3444
344454
3446
344658
3448
344892
3449
344901
344905
3451
345193
345557
345651
345930
346007
346562
346673
3467
347051
347168
3475
347731
347736
3479
3480
348249
348327
348645
348654
348751
348980
351
352999
353164
353324
353376
3554
3556
3558
356
3575
358
3595
359787
359822
360203
3605
3606
361
3617
3655
3667
3672
3673
3678
3688
3696
3702
3707
3708
3709
3716
3717
3720
3739
3742
374378
374462
3746
3747
374864
374899
374900
375056
3751
3752
375287
375295
375298
375337
375444
375449
375567
3756
375612
3758
3760
376267
3763
3765
3766
3768
3773
3776
3786
378805
378828
378925
3791
3800
3834
3840
3845
3855
386617
387103
387104
387129
387357
387486
387597
387638
387694
387700
387707
387712
387715
387755
387890
387895
388
388523
388536
388695
388730
388743
388965
389170
389206
389207
389208
3895
389558
389643
389668
389676
389705
389762
389763
389766
3899
390003
390037
390142
390260
390732
3908
390858
390999
3910
391051
391189
3912
391257
3914
3918
392232
392376
392636
3930
394
3945
3953
397
3977
3987
3990
399694
399697
399876
399947
399979
40
400120
400121
400221
400410
400456
400618
400619
400657
400696
400765
400793
4008
400818
400823
4009
400941
400946
400955
401024
401027
401036
401138
401145
401149
401164
4012
401237
401265
401474
4015
401548
401665
4018
402117
4026
403253
403257
4033
403339
4036
4045
404663
404734
404744
4048
4052
405754
4060
4064
4065
4067
406891
406893
406901
406928
406940
406952
406953
406960
406979
406980
406982
406989
406998
406999
407029
407032
407047
407048
407975
4081
408263
4085
411
4121
4124
4126
4128
4129
4133
4139
4140
414301
414319
414328
4147
414760
4149
414927
4155
4163
4172
4173
4208
4212
4214
4216
4217
4223
4233
4249
4254
4255
4258
427
4285
4286
4288
4289
4291
4292
4300
4306
4311
4314
431704
431707
4321
4322
4331
4336
4337
4338
439950
440041
440081
440097
440107
440131
440145
440311
440699
440952
440970
441061
441094
441108
441204
441282
441369
441376
441631
442117
442213
442421
442890
4430
4437
444
4477
4481
4482
4522
4543
4544
4547
4552
4593
4602
4609
4617
4618
4643
4644
4645
4646
4649
4651
4653
4654
4660
4680
4685
4693
4703
471
4715
4739
474354
4745
4753
4756
4760
4773
4774
4780
4790
4800
4802
4815
4829
4842
4850
4853
4860
4897
490
4907
4915
4916
4920
4921
492303
4925
4929
493860
4948
497189
497258
4976
4978
4982
4986
49861
501
5016
5019
5021
5028
504189
5046
50484
50485
50507
50508
50514
5055
50615
50650
5067
5069
5073
5076
5077
50804
50807
50808
50834
50852
50862
50863
5087
50939
50940
5095
5097
5099
5101
51014
51015
51020
51043
51050
51054
51056
51059
51066
51071
5108
51083
51086
51094
51100
51105
51106
51108
51110
51126
51133
51135
51141
51166
51175
51176
51179
51188
51193
51194
51205
51208
51218
5122
51231
51232
5126
51276
5128
51302
51319
5132
51351
5136
51360
51361
5137
51375
51389
5139
51390
51397
5140
5142
51429
51430
5144
51473
5151
51520
51534
51542
51555
51559
5156
51560
51562
51571
51573
51575
51582
51594
51605
51606
51633
51643
51663
51666
5168
5169
51691
51696
51703
51705
51706
51716
51735
51741
51752
51760
51778
5178
51780
51802
51806
51808
51809
5189
5203
5208
5212
5214
5218
5229
523
5239
5241
5243
5268
5271
5273
5275
5288
5289
5290
5295
5305
5321
5324
5325
5332
53335
5334
5335
53353
53354
5340
53407
5341
5352
5356
5359
53616
53833
53918
53919
53942
5406
5407
54072
54075
54093
54143
54209
54212
5431
54363
54438
54439
5444
54453
54454
5449
54497
54502
54504
54510
54514
54520
54534
54536
54545
54551
54558
54566
5459
5462
54665
54674
5468
54704
54714
54715
54726
54768
54796
54806
54813
54828
54834
54839
54840
54841
54843
54848
54875
54877
54878
54882
54888
54898
549
54901
54914
54918
54927
54928
54935
54937
5494
54957
54984
54986
54988
54995
54997
55004
550113
55016
55023
55024
55030
55041
55054
5506
55061
55064
55066
55068
5507
55074
55082
55083
55084
55102
55109
55110
55117
55120
55122
55128
55132
55137
55140
55144
55149
55156
55157
55159
55167
55183
55187
55188
55205
55207
55209
5521
55211
55225
55227
5523
55230
55247
55259
55283
552860
55297
55299
5530
55304
55314
55320
55323
55328
55335
55339
5534
55342
55347
5535
55359
5540
5542
554201
554202
55432
55437
55466
55500
55504
55509
55521
55531
55534
55568
55578
5558
55589
55592
55599
55607
55612
55614
55617
55619
5562
55622
55628
55631
55634
55635
55636
55644
55647
55659
55664
55669
5567
55686
5569
55691
5570
55711
55714
55729
55732
55733
55734
55742
55751
55755
55757
55760
55763
55768
5577
55770
55777
5578
55784
5579
55790
55795
55799
55801
55802
55814
55816
5582
55821
55825
5583
55832
55843
55852
5586
55862
55872
55885
55891
55907
5592
5593
5596
55967
55970
55972
55973
5599
56034
5607
5608
5611
56113
56114
56158
56171
56172
5618
56243
56254
56255
56259
56261
56288
56311
5634
56341
56479
5648
5651
5654
56647
56776
5682
56829
5683
5684
56852
56853
56884
56886
56890
56891
56895
56898
56899
56902
56911
56914
56922
56934
56935
56938
56940
56947
56948
5695
56950
56952
56957
56978
56979
56987
56999
570
57007
57016
57037
57038
57047
57084
57088
5709
57091
57094
57096
571
57101
57105
57116
57128
57147
57148
57150
57157
57172
57181
57185
57186
57205
57282
5729
57291
5733
5734
5737
57381
57405
5741
57415
57419
5744
57451
57453
574537
5746
57460
57476
57482
57484
57489
57492
57502
57504
57511
57512
57515
57520
57523
57528
57531
57536
57542
57545
57552
57554
57556
57559
5756
57561
57565
57570
57573
57575
57580
57600
57619
57623
57624
57626
57628
57639
57678
57679
57687
57688
57689
57700
57705
57706
57713
57724
5774
57818
57824
57829
5784
5789
579
5791
5793
5797
5799
5820
5828
5836
58477
58483
58486
58493
58494
58504
58511
58528
58538
586
5860
5861
5870
5874
5875
5878
5892
5894
5898
590
5903
5906
59067
5915
5921
5926
59269
59277
59284
5929
5930
59340
59348
59350
59352
594
5950
5968
5984
5987
5991
5996
5999
6000
6014
60385
604
60412
60487
60496
60506
60528
60558
60559
60592
606
60625
60682
60685
607
6086
6090
6091
6092
6093
6096
6097
6098
6101
6121
6167
617
6189
619208
619564
6197
623
6239
6249
6251
6252
6259
6262
6263
627
6295
63027
6304
631
6310
6314
6317
6326
6328
6331
6332
6336
6352
6358
6360
6386
63895
63899
6390
63916
63926
63931
63934
63971
63973
63979
63982
64002
6403
64067
64078
64092
64093
64097
64111
64116
64131
64135
641364
641384
641516
64167
64168
6419
642006
64215
64216
642345
64283
64288
642924
642968
642987
64320
643226
64332
64343
643650
643677
643714
643749
643803
643866
64388
643911
64393
64399
644041
64405
644150
644192
644242
64429
64431
64432
644524
644554
6446
64478
644962
645104
64518
645206
6453
645323
6456
645687
64577
64579
645884
646324
64641
646486
646813
647135
647288
64747
64759
6476
64764
64780
64799
6480
64839
64844
64848
64850
64853
64854
64858
64895
64919
6492
64921
64924
64946
6495
64963
64965
64983
6503
6505
65059
651
65121
651746
65217
65251
6527
6533
653464
6538
654
654463
654502
6546
6547
6549
6555
6557
6579
658
6584
6595
6596
65981
65982
65985
65997
66008
6605
6610
6616
6617
6629
6636
6638
6641
6662
667
6674
6677
669
6695
6713
6715
6717
6728
6745
6751
6769
6772
6775
6777
677765
677767
677779
677810
677818
677828
6779
6785
6788
6789
683
6840
6857
6860
6873
6875
6879
6885
6887
690
6900
6910
692086
692209
692210
692223
692234
692235
6925
6928
693127
693131
693176
693185
693205
693208
693213
6934
6936
6938
6944
6975
6999
7003
7006
7026
7035
7038
7042
7046
7051
7068
7078
7080
7088
7091
7110
7112
7143
7150
7155
7164
7174
7182
7201
7204
7222
7224
7225
7227
7253
7265
7272
7273
7274
727677
728012
728024
728192
728215
728276
728464
728558
728577
728597
728643
728723
728724
728773
728841
729
729013
729025
7292
729338
729467
7295
729515
7296
729732
729830
729930
729993
730
7302
731157
7321
7323
7325
7334
7342
7348
735
7360
7363
7369
7371
7373
7390
7399
7402
7424
7433
7436
744
7443
7444
7447
7453
7465
7472
7476
7486
7511
7518
753
7533
7534
7562
7596
7597
7638
767
7673
7681
7701
7704
7728
7733
7743
7745
7753
7757
776
7761
7762
7766
7770
7771
7776
7798
783
7844
7855
7881
78989
78991
79005
79048
7905
79054
79068
79071
79072
79075
79078
79084
79097
79098
79109
791114
7913
79132
79133
79135
79139
79145
7915
79190
79368
79400
7941
79413
79577
79582
79596
79598
79611
79616
79623
79625
79626
79632
79633
79658
79659
79673
79674
79683
79689
79692
79712
79718
79722
79730
79739
79740
79747
79750
79752
7976
79772
79781
79783
79794
79802
79807
79809
79815
79817
79819
7982
79839
79843
79848
79853
79861
79865
79866
79870
79875
79882
79887
79898
799
79925
79953
79956
79971
79974
79982
79992
79993
800
80007
8001
80034
80036
80059
80070
80071
80110
80144
80173
80184
80209
80218
80219
80224
80243
8030
80308
80309
8031
80310
80311
80314
80317
80323
80333
80336
80343
80345
80349
80351
8036
8038
80731
80745
80760
80762
80816
80831
8092
81031
81035
8110
8125
81300
81309
81318
81327
81328
8139
814
8148
81491
81501
81533
81537
81550
81553
81563
81571
81573
81578
81610
81615
81617
81624
817
8170
81704
81792
81796
81831
81847
81849
8208
8224
8309
831
8322
8335
8339
8343
83446
83447
83449
83468
83473
83478
83480
8350
8353
83539
83540
83551
8358
8359
83594
83604
8364
8365
83657
8366
83661
8367
83690
83698
83699
83732
83741
83787
83849
83850
83851
83852
83853
83856
83857
83860
83861
83872
83884
83892
83893
83894
83940
83943
8395
83956
83988
83989
83998
83999
84060
84062
84064
84067
84071
84100
84102
84103
84107
84109
8411
84125
84128
84154
84159
8416
84162
8417
84181
84190
84193
84196
84216
84236
84239
84251
84273
84280
84302
84317
84319
84320
84327
84332
8439
8440
84437
84456
84458
84466
84498
8451
84514
84515
8452
84525
84541
84553
84570
846
84617
84623
84640
84643
84693
84698
84725
84735
84750
84765
8477
84775
84804
84811
84826
84837
84858
84868
84870
84871
84886
84898
84899
8490
84900
8491
84912
8492
84935
8496
84969
84976
8499
85019
85021
8527
8528
85301
8538
85397
8540
85413
8543
85439
85443
8546
85460
85477
8549
8553
8555
8556
8564
8573
85865
861
8615
8618
862
8626
8633
8642
8647
8671
8672
8674
868
8693
8701
8707
8710
8715
8725
8727
8728
873
8738
8739
8745
8760
87769
8780
8803
8804
8812
8821
8828
8829
8836
8842
885
8850
8853
8871
8872
8900
8904
892
8924
8932
8935
8936
8942
8944
8975
89778
89795
89797
89858
89869
8987
8989
89894
89910
89978
900
90025
90102
90134
9015
9019
90199
902
9027
90317
9037
9039
90390
90459
90523
90529
9054
90624
90627
90632
90634
9069
90701
9071
9076
9079
90799
90826
90827
9107
9108
9111
91133
91137
9117
9126
91298
91351
9141
91461
91464
9152
91526
91543
91584
91612
9162
91653
9167
91687
91752
9177
91775
9180
9184
9194
91942
91947
91948
92
92017
9209
92092
92126
92255
92259
92270
92285
9229
92293
9231
9232
9236
9242
9247
92482
92597
926
9262
92667
92675
9271
92737
92856
92949
9295
93035
9308
93081
9312
9315
93166
93183
93185
93190
9320
9324
9330
9337
9348
93492
9350
9353
93556
9358
93587
93594
93621
93622
9364
93649
93654
93663
93664
93668
9369
9373
9378
9392
9397
93986
940
94026
94033
9407
94086
94097
94240
9444
9446
9448
9451
9457
946
9462
9472
948
9481
9488
9495
9508
9510
9515
952
9521
9554
956
95681
9573
9586
9590
960
9607
961
9611
9626
9627
9628
9630
9635
9645
9646
9652
9653
9658
9659
966
9666
9671
9674
9678
9679
9695
9698
9699
9705
9712
9716
9719
9721
9722
9723
9728
9729
9732
9734
9736
9738
9743
9745
9758
9760
9771
9774
9779
9781
9783
9785
9786
9790
9801
9821
9829
983
9839
9840
9841
9844
9847
9856
9861
9863
9869
987
9871
988
9881
9882
9886
9892
9901
9904
9910
9912
9914
9923
9926
9931
9938
9948
9951
9956
9958
998
9984
