orig	shuff
tot	4673627	775.265676957104
nonNA	99.6376903847911	771.361920837927
1	71415	6821.99257858993
2	177080	2987.25830133273
3	270337	1804.74518841298
4	332489	1251.35899232757
5	368670	935.310168985814
6	385833	734.489014677334
7	392904	595.807627308452
8	387658	495.315716430462
9	370864	418.484943267613
10	344379	357.599040591906
11	309870	309.354568044664
12	270098	271.467023080512
13	230539	239.808882661936
14	192139	213.499081394199
15	158262	191.596845736816
16	128375	170.55735150925
17	102036	149.64914343957
18	76059	131.156076204
19	50977	113.256959020735
20	27400	99.4087591240876
21	9310	86.9817400644468
