orig	shuff
tot	26582746	155.109765559961
nonNA	99.5063903480852	154.224736601704
1	1041379	565.756751384462
2	2142837	293.395111247379
3	2779541	204.758771322315
4	2974924	160.15582246807
5	2906615	133.561582803364
6	2704883	116.387880732734
7	2430226	105.619847701407
8	2112447	98.7372937640566
9	1773378	94.4163624450061
10	1438074	91.5524514037525
11	1133557	89.7913382388358
12	869054	88.9541961719295
13	654805	88.5549132947977
14	484579	88.4140666434162
15	354761	88.5266418800263
16	254072	88.5217576120155
17	176189	88.5934990266135
18	113850	88.7140974967062
19	65862	88.169202271416
20	31068	87.8363589545513
21	9430	87.338282078473
