id	values
Co	0;1;2;3;4;5;6;7;8;9;10;11;12;13;14;15;16;17;22;23;28
Hi	0;1;2;3;4;5;6;7;8;9;10;11;12;13;14;15;16;17;18;19;21;22;26;30
Lu	0;1;2;3;4;5;6;7;8;9;12;15
LV	0;1;2;3;4;5;6;7;8;9;10;11;12;13;14;15;16;17;18;19;20;21;22;23;24;25;26;27;28;29;30;31;32;33;34;35;36;37;38;39;40;41;42;43;44;45;46;47;48;49;50;51;52;53;54;55;56;57;58;59;60;61;62;63;64;65;66;67;68;69;70;71;72;73;74;75;76;77;78;79;80;81;82;83;84;85;87;88;89;90;91;93;94;96;97;100;103;106;113;117;118;119;122;124;125;126;128;129;131;132;133;136;138;144;150;151;152;154;158;161;162;163;165;171;172;178;180;188;196;206;216;220;225;233;237;247;251;256;259;278;280;294;332;333;360;413;472;499;618
RV	0;1;2;3;4;5;6;7;8;9;10;11;12;13;14;15;16;17;18;19;20;21;22;23;24;25;26;27;28;29;30;31;32;33;34;35;36;37;38;40;41;42;44;45;46;47;48;49;50;51;52;53;54;55;57;58;59;63;65;66;67;68;71;74;78;79;82;84;98;102;105;133;148;160;165;167
Ao	0;1;2;3;4;5;6;7;8;9;10;11;12;13;14;15;16;17;18;19;20;21;22;23;24;25;26;27;28;29;30;31;32;33;34;35;36;37;38;39;40;41;42;43;44;45;46;47;48;49;50;51;52;53;54;55;56;58;59;61;62;64;65;66;67;68;69;71;73;75;76;77;79;80;81;82;83;86;90;94;96;98;100;109;111;114;120;122;126;133;170;171;185
PM	0;1;2;3;4;5;6;7;8;9;10;11;13;15;16;17;18;19;20;26
Pa	0;1;2;3;4;5;6;7;8;9;10;11;12;13;14;15;17;18;20
Sp	0;1;2;3;4;5;6;7;8;9;10;11;12;13;14;15;16;17;18;19;20;21;22;23;24;25;26;27;30;31;36;37;39;40;41;43;45;53;61;63;89
Li	0;1;2;3;4;5;6;7;8;9;10;11;12;13;14;15;16;17;18;19;20;21;22;23;24;25;26;27;28;29;30;31;32;33;34;35;36;37;38;39;40;41;42;43;44;45;46;47;48;49;50;51;52;53;54;55;56;57;58;59;60;61;62;63;64;65;66;67;68;69;70;71;72;73;74;75;76;77;78;79;81;82;83;84;87;89;90;93;94;96;98;99;102;103;104;107;109;111;112;121;124;125;127;129;133;134;135;136;138;146;154;156;158;163;172;175;180;187;190;196;202;207;208;246;258;296
SB	0;1;2;3;4;5;6;7;8;9;10;11;12;13;15;16;17;19;20;22;23;24;33
AG	0;1;2;3;4;5;6;7;8;9;10;11;12;13;14;17;19;20;21;22;24;27;28;30;32;33;39
Ov	0;1;2;3;4;5;6;7;8;9;10;11;12;14;15;22;25
Bl	0;1;2;3;4;5;6;7;8;9;10;11;12;13;14;15;16;17;18;19;20;21;22;23;24;25;26;27;28;29;30;31;32;33;35;36;38;40;41;43;46;49;52;65;69;72;75
MesC	0;1;2;3;4;5;6;7;8;9;10;11;12;13;14;15;16;17;18;19;20;21;22;23;24;25;26;27;28;29;30;31;32;33;34;35;36;37;38;39;40;41;42;43;44;45;46;47;48;49;50;51;52;53;54;55;56;57;58;59;60;61;62;63;64;65;66;67;68;69;70;71;72;73;74;75;76;77;78;79;80;81;83;84;85;86;87;88;89;90;91;92;93;94;95;97;99;100;102;103;104;111;113;116;117;121;126;128;130;132;134;135;136;142;212;226;228;234;235;238;247;249;284;286;331;339;361;372;559
MSC	0;1;2;3;4;5;6;7;8;9;10;11;12;13;14;15;16;17;18;19;20;21;22;23;24;25;26;27;28;29;30;31;32;33;34;35;36;37;38;39;40;41;42;43;44;45;46;47;48;49;50;51;52;53;54;55;56;57;58;59;60;61;62;63;64;65;66;67;68;69;70;71;72;73;74;75;76;77;78;79;80;81;82;83;84;85;86;87;88;89;90;91;92;93;94;95;96;97;98;99;100;101;102;103;104;105;106;107;108;109;110;111;112;114;115;116;118;120;124;125;128;129;130;132;136;140;142;151;152;156;160;163;172;176;189;209;287;292;302;345;348;361;364;367;453;478;490;512;560;593;732
NPC	0;1;2;3;4;5;6;7;8;9;10;11;12;13;14;15;16;17;18;19;20;21;22;23;24;25;27;28;29;30;32;33;34;35;36;39;40;43;46;49;50
TLC	0;1;2;3;4;5;6;7;8;9;10;11;12;13;14;15;16;17;18;19;20;21;22;23;24;25;26;27;28;29;30;31;32;33;34;35;36;37;38;39;40;41;42;43;45;48;49;51;53;54;55;57;59;61;66;70;72;73;74;76;77;83;86;88;90;96;98;121;136
ESC	0;1;2;3;4;5;6;7;8;9;10;11;12;13;14;15;16;17;18;19;20;21;22;23;24;25;26;27;28;29;30;31;32;33;34;35;36;37;38;39;40;41;42;43;44;45;46;47;48;49;50;51;52;54;55;56;57;58;59;60;61;62;63;64;65;66;67;68;69;70;71;72;73;75;76;78;79;83;84;85;88;92;93;94;95;104;107;110;115;129;138;204;210;213;215;227;230;234;264;317;339;342;346;366;503
FC	0;1;2;3;4;5;6;7;8;9;10;11;12;13;14;15;16;17;18;19;20;21;22;23;24;25;26;27;28;29;30;31;32;33;34;35;36;37;38;39;40;41;42;43;44;45;46;47;48;49;50;51;52;53;54;55;56;57;58;59;60;61;62;63;64;65;66;67;68;69;70;71;72;73;74;75;76;77;78;79;80;81;82;83;84;85;86;87;88;89;90;91;92;93;94;95;96;97;98;99;100;101;102;103;104;105;106;107;108;109;110;111;112;113;114;115;116;117;118;119;120;121;123;124;125;126;127;128;129;130;131;132;133;135;136;137;138;139;140;141;144;145;146;148;149;150;153;154;155;156;157;159;161;162;166;167;168;169;170;172;176;180;184;185;187;190;194;195;200;204;206;208;220;228;243;252;263;267;270;271;279;318;384
LC	0;1;2;3;4;5;6;7;8;9;10;11;12;13;14;15;16;17;18;19;20;21;22;23;24;25;26;27;28;29;30;31;32;33;34;35;36;37;38;39;40;41;42;43;44;45;46;47;48;49;50;51;52;53;54;55;56;57;58;59;61;62;64;65;66;68;69;70;71;72;73;74;75;76;77;78;79;80;82;83;86;89;91;92;95;97;100;101;104;108;109;110;113;114;115;117;119;121;123;124;125;128;136;138;139;140;141;142;148;152;159;161;162;168;170;175;185;209;216;232;240;277;402
cp	1;2;3;4;5;6;7;8;9;10;11;12;13;14;15;16;17;18;19;20;21
