orig	shuff
tot	304193	93.902226546962
nonNA	22.3091918617457	20.9561035263796
1	6420	89.5171339563863
2	7213	92.5412449743519
3	7808	93.1352459016393
4	8001	93.363329583802
5	7571	93.4486857746665
6	6896	94.3155452436195
7	5939	94.7465903350733
8	4694	95.2492543672774
9	3815	96.7234600262123
10	2887	97.1596813301005
11	2191	96.1661341853035
12	1601	95.9400374765771
13	1025	99.7073170731707
14	710	99.7183098591549
15	505	94.8514851485149
16	293	94.5392491467577
17	158	98.7341772151899
18	85	89.4117647058824
19	35	97.1428571428571
20	15	93.3333333333333
21	1	200
