16
18
650655
21
4363
85320
94160
368
653190
730013
65057
197322
116285
123876
348158
6296
54988
161931
170692
23536
113
115
172
181
51327
64400
226
56052
51005
267
29123
124149
124401
257629
164
55911
644649
353
343
55114
398
23568
23204
79798
253982
80063
23300
487
9914
527
9114
342371
11273
8312
84752
8938
54971
583
9564
400500
10295
9274
146227
51283
552900
654483
29117
283870
123775
388289
283897
64755
80262
146562
29035
404550
123970
162083
388284
388272
146556
646174
283951
146378
100506581
342346
388276
390664
763
766
8912
10368
794
6650
84290
23589
643714
57524
863
865
869
92922
29070
645811
124093
6361
6367
899
9738
930
10421
999
1009
1012
1013
1014
1001
1003
1006
29965
10423
8558
1039
81620
124359
752014
92806
55839
80152
1066
51716
390732
8824
23491
283848
221223
1071
10428
80205
5119
63928
10164
23563
4166
63922
54921
57019
4261
51192
100529251
1186
9074
9080
23274
348174
497190
283971
728276
10143
1201
23059
100132341
56942
80790
113540
146225
123920
146223
55783
255919
1258
23019
85445
25839
91949
84342
10229
57017
11151
79585
100529144
23406
1327
1339
221184
27132
55313
1387
83716
643911
1428
400508
1459
10664
1489
1504
440387
1506
348180
6376
80777
1535
1540
79007
84516
79077
123879
100287029
55308
11269
55794
26063
54849
28955
1723
9785
26077
123872
55567
10294
9093
1773
1775
8448
55715
1800
64174
64180
54920
1783
83657
1874
1877
124454
1632
23644
29904
8663
728689
79767
10328
197342
2013
84080
2072
112479
10595
100507321
80004
283849
118460
79152
81889
65990
80011
83723
339145
2175
64319
146330
54620
283932
55336
79791
400550
29109
146512
645644
84256
114984
123811
2303
2294
2300
79068
100505692
2521
11345
2588
8139
2622
2653
51573
79153
2671
81577
23062
51659
64785
2734
84662
84656
2775
51764
84572
2806
2813
124274
51704
84706
2903
23199
146395
2935
2975
3029
84264
3038
3039
3040
3042
3049
3050
283902
54985
55027
100289574
9709
8479
3163
3240
3250
9956
9951
64711
3281
3291
3294
80270
83693
3299
54768
9742
3483
10261
27189
50615
283888
246778
9235
146433
3566
283899
124152
3394
79191
10265
79190
9798
81533
3681
3683
3684
3687
162073
339123
57338
3735
84148
10300
93107
253980
146212
54442
79831
9764
23247
653319
3835
3801
54758
79786
400506
79412
27040
3931
51451
197257
64493
64735
649159
283860
197196
283875
732275
100505619
100505865
283876
283867
101154687
100506542
101928276
9516
64788
100129617
100134368
100190986
100288162
100505942
100506083
100506281
283922
388242
388282
390705
554206
606724
613038
643802
652276
730183
83752
54947
26231
55282
55692
57149
4094
81631
5595
23162
91862
4150
8720
4157
4210
254528
79006
79091
51108
23295
100188847
406930
406932
100302119
100302261
574455
100302243
100422922
100423037
100423012
100422974
100422960
100422886
100423006
100422870
100422956
100422836
100500852
100500916
100422853
442901
100126355
100500812
100500891
100616258
100616487
100616405
100616231
100616241
100616195
100616172
100616150
100616256
100616167
619553
100847022
100847057
100500895
100616339
693131
100422920
100847028
102465134
102465251
102465252
724032
102465459
102465460
102466731
102465908
102465462
102465463
102466194
102466732
102465464
102465520
102465907
102466752
100313837
102465840
102465863
102465867
100126328
197259
64223
23417
4324
4313
64386
22879
4350
10200
255027
10573
65993
10232
51734
4489
4490
326343
4493
4494
4495
4496
644314
4498
4500
4499
4501
4502
4504
84560
64779
100463285
4597
9961
4629
91807
29895
9683
79903
8883
51172
100507589
54820
65009
4706
4716
54550
81831
10725
84901
4775
283948
51388
85407
197358
84166
4832
4833
57407
28987
64127
8996
23420
283820
408050
124056
9284
642799
642778
100288332
101059938
101059953
23117
100132247
728741
100507607
8131
283869
1728
123904
197370
123803
4913
4917
4682
10101
84309
11051
283927
9688
26471
10204
55239
4992
26184
4993
93129
23594
29948
146183
390748
79447
79728
51025
124222
50855
5073
64146
64714
204474
57546
5170
55066
23042
109731405
255762
283871
5257
5261
23035
9780
9091
5310
114780
342372
339044
9088
8399
23659
5336
25894
5347
51090
83449
5373
5432
55718
51728
5493
5531
11105
5579
5619
5620
58531
54496
78994
388199
112476
10942
64063
83886
124221
260429
146547
360226
339105
221191
5652
5681
5699
5713
390667
29108
260434
23475
9727
25837
57799
79874
57610
5930
54715
5934
55159
8786
64285
9028
89941
116028
146310
115992
9810
10921
100873777
79641
23322
6137
6123
6210
6187
113000
6236
54700
730092
653390
100131998
26156
89970
6299
388228
6338
6340
93517
9717
22928
9739
79918
26470
23450
25970
79801
729993
6477
6559
6560
146429
55238
146167
115584
6524
386757
6530
8140
81893
387254
9057
84138
9351
6553
548593
100526830
79008
100526831
84464
23049
641298
440335
55512
333929
197187
735301
8303
574042
677813
677827
26784
100379141
677844
692214
100113402
26788
606500
692111
79622
6645
124460
92017
100652781
440352
8651
30812
124044
124045
6687
84501
6693
83985
90864
10847
6345
23524
100128788
6755
146336
6483
10273
112755
6810
6817
6799
6818
445329
100130958
9143
51760
9013
79613
9344
6898
26000
57465
10607
6911
22980
146279
9894
374739
7014
54386
7023
7041
57215
79228
55623
91151
7084
79838
79905
146456
283953
57146
124491
25880
79652
29100
124446
79583
58986
51330
608
7142
27327
27324
24150
729355
653550
729264
51673
7177
64499
23430
25823
8717
84231
10131
51693
493829
7249
55815
115939
10381
7284
780776
51061
54957
124402
7329
606551
56061
29855
7369
64718
7385
100130015
79650
9100
57478
7874
55697
100130894
114990
57687
79001
55737
27183
9605
100128881
146177
84219
79726
197335
58189
117166
51741
11060
23214
64131
440359
83719
124245
29066
23174
29800
55625
463
162239
146198
161882
653808
124220
342357
7727
7567
7752
7755
81854
7760
7571
10127
10308
92822
57567
23090
84627
197407
26048
146434
90850
23361
9726
79759
146542
115509
124411
65988
7627
92595
79724
51333
197320
146540
55565
283933
84937
7783
84891
54925
