51166
132949
79963
6059
9429
84448
8310
2180
132612
11086
9508
118
124
125
126
127
128
130
131
152
60312
84740
4299
173
174
175
9255
213
80216
258
401138
10393
29945
287
26057
353322
57182
23520
118429
11199
303
306
308
55435
323
100506013
116984
374
27236
79658
83478
54848
100874374
132946
79642
419
140458
51802
474
57205
10396
55024
166379
55212
56898
389206
55330
55589
651
658
259282
683
685
114905
84103
55286
401152
132321
132989
152940
201725
441054
401115
646603
85438
817
836
839
84869
57545
256309
91050
339965
257236
886
890
901
10983
401145
952
8999
55602
1040
1060
1062
79682
9662
645455
80817
729338
3426
26511
55584
493856
1182
53842
100132463
1047
116449
9575
645104
1259
246175
84570
54951
51138
27235
10699
285521
170712
1363
132864
10815
8532
285464
1400
1446
286828
100337616
1447
1448
1487
285463
1519
80157
2919
3627
6373
10563
2920
2921
6374
6372
4283
80319
113612
285440
54360
57291
27071
54876
285429
54798
1633
166614
1635
23142
115265
55601
91351
1609
1665
27123
1758
79982
285489
1816
1834
401124
100288687
728410
653548
441056
653545
653544
1909
1950
1977
1998
255520
79071
51705
10117
58478
2028
133121
255324
2044
2069
100288413
2110
64850
2121
132884
55763
5393
2160
285441
2169
92689
10144
285512
25854
729830
27146
8603
285550
152756
100129583
100631383
152877
348926
403315
2195
79633
26234
26269
55294
260436
2243
2244
2247
2250
9982
83888
2261
53834
2266
85462
81608
90024
651430
57600
80144
166752
2483
448831
285527
56884
100130017
9908
2549
2555
2557
2560
2565
2580
51809
442117
54433
57733
2638
100507096
2712
2713
8001
2743
132789
2798
2823
27201
285513
2891
2895
2868
80273
2926
389207
79807
170825
60558
441046
2993
2994
2996
3015
3033
9464
79804
79441
113510
391723
8916
51191
55008
3083
64399
646576
3148
3166
3184
9987
84525
3248
27306
10855
9957
51170
345275
22824
3346
3347
94031
3064
100750326
3381
3425
3490
255130
3600
3558
59067
100996941
3622
8821
57117
27152
3660
79960
152789
80333
359822
386617
3791
9778
84162
57482
3815
152831
51274
11275
51088
57563
3818
8649
51056
55132
51574
254251
9079
51176
641518
3954
55203
11019
22998
132660
728081
100874047
439934
100507528
641365
101927074
285492
100506035
401164
401149
152742
100505875
285419
100506229
100505702
100505545
285548
285547
285501
101928656
100874275
84708
100873939
100873955
100129917
100130872
100505912
256880
344967
401127
550113
645513
650293
93622
9227
987
345193
55805
4043
339977
11157
55646
10586
4085
10296
55534
23324
4126
79884
5602
55016
80306
56955
23173
57721
9848
10227
256471
84709
4258
100302188
102466247
100302270
100302290
100302267
407000
407028
442894
442895
442896
100423011
100422896
442912
100500867
100500881
100616303
100616201
100500818
100422826
100422937
100423042
100616436
100616299
100616349
100616193
100616471
100616246
100616358
100616435
100616274
100847023
100616252
100847063
100302277
100847071
100847027
693157
693158
693159
693160
693162
693163
102466953
102465837
102467004
102465868
102465878
100126332
166785
22915
84057
92597
93621
114932
65008
51023
345222
6307
4487
441024
4543
4547
4589
10608
4636
51778
55728
84779
80155
27163
92345
266812
339983
64151
79625
9348
64579
4717
55247
4750
7469
63973
4790
152518
152519
579
4825
10874
84273
8602
317648
10886
255743
4886
4887
4889
4306
27065
79730
11162
53343
53371
54940
132299
54959
58505
133060
54726
132430
133015
10606
23022
9061
152559
25849
118425
57575
54510
5099
10336
359806
132954
8654
5158
56034
5156
5161
27295
10611
23244
5196
5197
55276
10424
8929
55300
54872
84992
5308
5311
81579
51316
10733
5356
353497
5431
5458
100192379
27068
10891
5471
5473
10895
5470
5481
152926
5522
5530
11107
56978
201973
5593
90826
8842
8492
345062
768239
5783
10744
100996939
5860
84109
9364
83452
5910
9693
153020
65997
166824
166863
54502
3516
25898
768211
5978
5981
6002
399
57484
285533
285498
6047
402176
6164
285456
6133
6189
10692
22902
201965
59350
6286
8819
950
677770
79966
152579
132320
60592
11341
55153
10427
100533182
9871
22872
23231
51091
285540
80854
6423
6443
166929
6452
152503
57630
54436
152573
57619
57606
7884
201780
345274
84068
83447
291
10861
56606
10463
10568
64116
8671
23657
641364
150159
133308
643036
9353
100505893
4086
101927659
8467
100128055
56916
201895
389203
26952
10879
6622
100093630
677809
677810
8944
83891
6649
8470
57537
345079
8404
132671
132851
166378
60559
6691
50859
10417
6696
10252
79644
100506462
6731
26228
6779
8987
57620
55351
56977
285555
101410545
53407
100507266
27284
6783
171024
10460
6870
93624
202018
202020
23216
57533
55296
23158
93627
6999
7006
100124696
253017
55714
54790
152815
79725
100499177
100506564
92610
166815
201798
84076
7092
7096
81793
7097
7098
10333
55319
100379220
85013
92305
55314
441027
201799
132332
80008
55858
84286
55751
201931
55161
339967
132724
401136
9407
28983
389208
644759
79155
79931
644962
133022
60684
23321
166655
391712
339976
205860
93587
152992
7222
10098
83894
7294
55236
550112
7323
3093
7345
101410542
7350
55325
7358
100885776
10941
574537
79799
7365
10720
7366
7367
54490
7363
7364
7368
8633
8615
100287144
100287178
100287205
100287238
100288520
100287327
100287364
100287404
100287441
100287478
100287513
728369
728373
728379
728393
728400
728405
728419
728386
391622
391627
84640
64854
54532
57050
57654
7424
23001
404201
9948
116966
57728
7466
80014
152641
285525
91746
326340
166793
29063
132625
57732
7700
27309
85460
152687
255403
170960
654254
152485
642280
