53947
50
49
79924
135
646023
158
150209
79087
129138
23783
162
23782
200315
100913187
9582
100874530
27350
140564
200316
60489
164668
8542
23780
80833
80832
80831
80830
26286
23779
410
421
84164
57168
468
529
25814
80115
23786
613
400892
644165
637
638
96610
254240
23774
114904
150248
84645
25775
25770
348645
128977
150297
79640
23523
164633
8911
10369
29775
23466
23492
25776
164592
150275
79879
550631
150160
11135
8318
150383
27443
27442
100130418
9620
79019
64781
649264
150356
400916
11200
1120
386593
7122
8218
1312
1375
79174
1399
1413
1414
1415
1416
1417
27254
1439
1454
1727
1565
27128
1652
100037417
10521
414918
9681
91319
27351
26222
25786
9993
26220
8214
85359
54487
25787
11144
150353
10126
4733
150290
64800
100874197
8664
51386
56478
114794
129080
150350
2033
2130
55007
646851
642633
113828
2192
25793
26226
80020
128954
9514
8484
10634
23464
26088
2678
2679
2687
91227
2781
54584
2812
23151
9402
2928
2952
2953
653689
653399
9567
51512
83606
91316
3005
83933
23119
7290
10042
3162
150280
89781
150274
27437
11020
3543
91353
100423062
23765
400935
3560
27124
91464
9929
3761
79734
11015
23313
85371
85379
113730
84861
83999
83746
100506195
3956
3957
3976
3985
388910
414351
200298
339674
150185
150197
400932
100271722
100506241
91289
100128531
100130899
100506271
100506472
101927051
284865
284933
391322
730668
91355
8216
23764
5594
5600
6300
23542
4151
27349
2847
4174
51586
150365
4242
4248
440823
57553
85377
54471
4282
55586
100302149
100302237
100302118
100302197
406920
406961
100126318
100423025
100423034
100422998
100422912
100422916
407039
100500860
100500828
100500826
100500901
100616146
100616415
100616414
100616253
100616143
100616295
100616283
100313914
102466081
102464824
693233
723778
724028
724029
102465490
102466198
102466742
102465491
102465492
102465493
102466758
102465666
406883
406884
400931
23209
4320
4330
22880
150291
54456
758
4357
64976
51537
8897
4627
84700
4668
29781
4689
4700
4744
4771
150372
8508
79159
23467
10762
440836
81061
23762
5008
9127
440799
11252
56666
29780
64098
23598
5155
57026
23481
55670
112885
84844
5297
728233
375133
9463
113791
415116
23761
23760
440822
10343
50487
8398
23654
5372
80339
150379
84271
5435
171568
646074
25812
266697
29797
29774
23784
5465
23759
9647
9701
23532
5625
253143
55615
553158
5816
9609
11158
5880
5902
5905
23551
10633
23543
9978
5988
10740
10739
10738
10737
266747
25807
26150
85376
440804
150221
91445
200312
267010
284942
6122
91582
27341
51493
65078
25813
6305
91179
9997
80274
376844
23753
23541
266629
284904
730005
100526833
94009
253190
3053
23544
10291
9814
129049
27352
23616
85358
440829
23539
6576
10478
83733
66035
339665
6523
6527
6545
6598
27127
91689
6525
9342
100113380
26807
116937
116938
6634
6663
23384
101730217
6721
402055
6753
6767
25830
25777
56241
644186
8224
9145
10454
128989
83874
25771
6899
6942
6948
7008
339669
24144
80764
439931
8563
7078
25829
84222
728229
645426
255349
164656
115650
23112
10766
10043
56993
7152
8940
8459
387590
80305
11078
27037
55687
706
23617
7263
23331
284900
55020
25809
23170
113691
51807
85378
55000
25828
10587
1890
7332
51733
7380
29796
11274
7441
29802
164684
7477
7494
150165
63929
2547
150223
29799
7533
9889
23264
29801
150244
55954
129025
140883
7621
7625
84133
100874123
