127550
126767
343066
24
23456
5825
27
34
116983
64746
84320
26027
11332
51205
58
648740
81569
88
140625
8751
11085
9507
54507
574406
103
55811
51094
134
140
54936
159
84871
100874313
178
79814
26523
192669
192670
375790
183
57085
25909
10768
27245
64853
9447
55966
204
205
26289
79647
254268
10327
8574
246182
22977
246181
10000
8659
223
199857
29929
249
257
57463
270
271
276
277
278
279
280
90806
9068
27329
10218
81573
100874392
284615
148741
84832
339416
441869
81611
8416
10717
100287722
325
51107
336
403314
89872
375
9411
257106
55160
9826
27237
128272
9181
8289
51742
127829
405
10092
9048
64801
55616
127247
647219
55870
645676
259266
460
55210
83858
219293
467
22926
84938
23400
476
477
480
481
493
533
127124
57198
64756
127002
79000
54998
553
126859
148789
8707
126792
8704
8703
343472
55509
63827
8412
10286
8915
440603
607
79656
266675
632
101669762
8548
353500
656
149428
51027
10380
676
57795
339479
148362
55108
7809
149478
284697
91408
7832
100129094
200159
92346
54955
55732
79762
79098
127687
148345
128061
388667
400804
400757
388649
93190
54991
128346
339448
284546
388701
127003
727684
84886
81563
149466
127703
400798
400793
388759
79169
25912
79078
148423
388722
79630
54964
10485
100129271
148304
127795
84970
712
713
714
100191040
722
725
731
732
23632
765
57685
777
779
27101
57863
163688
57172
55450
23271
23261
10487
824
388743
10753
829
832
842
844
845
54897
378807
200014
149483
343099
57821
149473
148870
79140
728621
81669
126731
7203
9398
11126
388611
909
910
911
912
913
914
51744
919
947
4179
962
1043
963
1604
965
922
8832
978
8556
991
998
8476
56882
8317
79577
55143
200008
728642
984
5129
1031
63036
51032
10136
23436
11189
1952
1063
91687
9731
9859
9857
64793
10390
29956
3075
3078
3080
10878
10877
81494
57530
9557
26038
1116
1117
27159
149620
1118
1122
1131
100873984
100506915
1141
26097
148523
163732
1163
1179
9635
9629
22802
23155
1185
1187
1188
149461
25932
1196
63967
22883
51727
149111
29097
10256
1266
1269
163882
6900
388753
65260
22796
1301
1307
255631
1296
1298
23127
1314
1325
116228
1376
1378
1379
1380
1382
23418
54544
148327
8804
49860
9696
84809
114819
1401
200186
1429
7812
1435
1441
114784
1465
1486
1491
56998
1503
11330
1510
1513
1520
55917
284613
51706
606495
360155
643160
1573
1579
284541
1580
260293
199974
163720
1600
101926890
7818
55157
1629
55827
50717
149069
64858
149095
127579
23576
84301
1650
4921
100287102
11218
83479
9191
8560
163486
163259
79961
9909
55635
51029
1676
1677
1718
79947
9249
1660
1733
9077
27185
27184
84976
79469
58512
55929
127343
63950
63948
127602
94236
11080
55735
23341
9829
22826
7802
58511
26052
100628315
30836
85440
1802
51611
54344
1805
1806
100873932
100873933
1810
128338
374946
25778
51514
11221
11266
54935
92235
574029
1855
8444
1870
10969
1889
55268
1893
128178
80267
1907
9813
100130197
84288
84455
79180
1942
1944
1945
54583
8891
1939
8668
8672
1996
1999
2005
64834
647121
23065
55740
2023
100505975
2029
2035
284656
1969
2046
2048
2052
253152
2058
2060
79574
79033
100874278
114625
54206
83715
284729
2104
55224
2117
440695
55194
7813
9156
64789
149371
5394
2134
2135
2140
50848
2165
2152
2153
2166
2170
11124
284611
79927
348487
645520
641702
338094
148753
84734
400823
440585
10712
9917
100128071
284593
163933
149647
729533
653820
554282
728833
199870
149297
400728
375061
356
54751
26232
23219
54455
93611
26270
83953
2205
2207
2209
2210
2212
2213
9103
2214
2215
8547
115350
79368
115352
83417
83416
343413
84824
127943
2224
55277
2268
2271
114827
2275
80308
2312
339400
388698
729614
28982
56776
2326
2327
2328
2329
2330
388714
116123
2331
54874
252995
163479
2306
84793
27022
2301
22887
8790
100526835
391059
8880
2517
50486
126626
2563
1647
2582
2590
60674
100506046
57459
2629
2630
2633
400759
2634
2635
115361
115362
163351
388646
2730
148823
148824
54834
492303
2672
9453
54810
2701
2702
2703
81025
100527950
2707
127534
2709
57165
148979
11146
51022
2752
10691
2773
2780
2782
55970
100289178
2786
2787
29889
8443
114814
55204
127845
54856
92344
10223
55105
63906
54865
60313
54707
7107
387509
80045
23432
2848
2827
9283
9293
83873
54112
653519
51463
29899
2882
64388
57822
2899
100288079
2944
2946
2947
2948
2949
2959
2980
2981
2987
3020
440926
9563
51179
100874270
60484
10456
57657
3061
3065
3068
55127
79654
113802
54626
390992
57801
388585
26508
164045
55733
79802
11147
204851
8337
723790
317772
8338
337875
337873
8349
440689
333932
126961
653604
8370
554313
92815
128312
8290
59269
3142
100873924
83872
127540
3155
3158
3151
343069
10236
3192
51361
84072
50809
3208
51440
84842
388697
9653
3290
51478
3283
3284
128102
729467
3310
3311
51668
27129
3339
3352
3362
81888
55699
200205
23463
3399
51278
126917
3428
10561
10964
2537
163702
91156
84966
3321
93185
57549
9641
3586
3595
29949
50604
58985
149233
11009
3570
387597
3608
3633
10022
3645
65123
25896
9670
55705
100873949
3652
55721
128239
359948
3664
9636
81875
8515
23421
55600
142683
3707
100506443
3713
10625
3716
65094
10899
3725
163782
23254
3744
3737
3738
8514
3749
3752
100874295
3756
3766
3765
3775
3776
3782
9132
343450
51133
23028
9682
100132774
10765
10657
9674
79932
643314
23285
57535
57648
57710
90231
9928
57576
23095
23046
55083
11004
22920
3814
128209
127707
55220
126823
59349
339451
27252
9903
8564
148930
23633
448834
200185
112970
54596
3898
3914
3915
3918
28956
10542
101410535
7805
54900
3930
353131
353132
353133
353134
353135
353137
353139
26239
353140
353141
353142
353143
353144
84648
353145
199834
254910
448835
3932
388633
401944
26119
10637
7044
149018
93273
284576
55891
3953
54741
3964
100287902
59352
89884
431707
56956
79727
286826
79854
100302691
100885798
84719
388719
284573
148645
29092
199899
84791
100861504
100287814
644242
728855
100289211
79100
127841
100874253
554279
57234
101978719
643837
100506810
100505633
100133612
100131060
730227
728431
388685
339535
339524
339505
284688
400752
100129269
102800316
339398
128077
4000
8543
25802
4009
100129138
100129534
100133331
100288069
100422212
100506023
100506730
100506747
100506985
100507634
101928370
101928436
102606465
148696
284581
339539
440700
643441
646471
646626
653160
653513
728989
729737
729930
4014
23566
9926
55791
9860
7804
126755
127495
55631
10489
115353
57470
440699
57554
149499
23507
84230
55144
127255
10446
84967
541468
7798
4063
646627
11313
127018
388695
1130
84328
126868
23499
10459
84944
260425
4116
10905
57134
149175
54627
440738
9064
55700
9261
64757
54996
65108
4139
10747
23139
4146
100129196
4170
255231
55283
4194
259283
64769
51102
54797
112950
4209
1953
149281
92342
92312
4237
9927
84879
149047
414927
4259
375056
142678
57708
60672
406893
100302132
100302158
100302279
100302163
100302178
100847009
442891
406928
400765
100302139
406995
100131234
406955
406962
100126346
406969
406974
100302190
406977
406983
406984
406988
642587
406996
406997
100616452
407025
407026
407031
407034
100422866
100422871
100422839
100423010
100422882
100423032
100422947
100422856
100422879
100302117
100313769
407040
100500853
100500810
100500832
100500801
100500854
100500876
100616492
100500849
100500808
100422968
100422975
100422914
100423028
100422898
100422976
100422997
100423020
100422894
554210
100616164
100616272
100616481
100616328
100616390
100616438
100616386
100616308
100616380
100616343
100616391
100616421
100616120
100616409
100616363
100616468
100616224
100616315
100616338
574441
100847072
100847044
100847090
100847050
100500863
100847084
693130
100302192
693135
693138
693139
693140
693141
693142
100847010
100847089
102464823
102464830
102464833
102466615
102465434
102465435
102465436
102466982
102466722
102465437
102465438
102465439
102466723
102465440
102466191
102465441
102465442
102466724
102465443
102466270
102465444
102466202
102466740
102466751
102465909
102465529
102466995
100126348
100313892
768220
102465836
102467003
102465839
102465842
102466879
407046
100126349
693235
100126331
83881
8569
100507423
10962
25974
79258
8511
8510
4332
148932
79906
4343
25874
4352
4359
9019
3140
374977
100527960
80133
55052
79590
51253
128308
65005
63931
64960
54460
51154
4438
11223
11209
55154
100129405
645745
4520
22823
56181
4524
10903
339483
2475
100873935
4548
4580
4582
79594
4595
54587
4608
343263
26292
4610
4653
4656
127294
114803
65220
4678
89796
4681
55672
100132406
200030
149013
644861
25832
284565
441908
100288142
101929780
84224
148545
653149
343505
728841
400818
23154
4688
400746
23385
55706
4720
4725
55707
257194
100852409
4751
140609
29937
10763
91624
374987
23114
4774
4802
100130557
4803
4807
4808
4811
57185
4817
79570
114548
29922
64802
23057
26155
79707
9722
4853
261734
7827
80896
4878
100379251
4879
4881
8431
9970
2494
4893
25936
387338
84618
22854
84284
4914
81788
64710
10726
200035
83540
55746
91181
4931
51686
84033
10896
57489
118427
25903
56944
115209
23596
4985
26254
26476
441911
127385
391109
391107
343406
128360
128367
128368
391189
441933
284532
127066
401994
26188
391191
127623
81472
81470
81469
391211
284521
26247
26246
391192
81466
391190
388762
391194
127062
26245
127059
391196
26696
127069
127077
127064
401992
403239
343563
343173
391195
127068
403244
127074
401993
254879
343172
343171
441932
81399
729759
26683
79501
343169
81448
391114
128371
128372
81442
128366
391112
4998
114883
127700
23252
56957
5016
64064
8761
29943
11240
51702
23569
353238
5051
54873
55229
60676
79957
164091
11315
142
25973
5081
5087
57326
100506696
654790
255738
5132
5142
9659
171423
149420
10630
5174
10158
100034743
8682
375033
553115
8863
84808
5192
8799
5195
5824
5202
5208
767846
267002
79605
441897
5226
114771
57115
5236
65979
1912
148479
26227
23612
10745
5298
10401
128344
5279
10026
93183
5284
55650
5287
5293
8503
5301
65018
100861548
8394
57095
5313
5586
5317
5320
391013
26279
30814
64600
5321
5322
9651
200150
22874
57449
23207
84069
51177
1263
5351
5362
148811
11243
100527963
10654
55629
127435
57645
23126
10623
84265
55624
5451
5453
645682
79717
8497
653505
653598
645142
730262
728945
644591
10450
728448
10465
333926
5498
4660
84919
5511
5525
5538
54896
65121
343071
440560
390999
400736
653619
391004
391003
645414
65122
645425
653606
400735
343068
440561
441871
391002
343070
5546
63976
7799
5052
9588
5549
10216
5563
5565
5567
5590
55170
84432
5629
9129
84950
55119
574414
23215
5396
339501
5664
5686
5690
5692
5710
84722
5724
58155
8643
5733
5737
5738
5743
8073
5784
26191
5778
5788
5792
10076
148713
9698
126789
29920
90780
149628
5768
5872
57111
5865
25782
115273
5867
9910
5876
5877
8438
55103
5906
5909
9462
100302401
83593
55225
5928
5929
64783
23029
9939
494115
116362
149041
11123
100750325
1104
55920
55758
92241
343035
83998
5972
11079
473
5993
23179
5996
6003
6004
64407
5997
431704
5999
8490
6000
85397
353299
54933
57127
6006
6007
389
58480
284485
284716
9783
6016
6018
6041
26994
27246
54546
149603
127544
6045
388591
55182
401934
55599
6051
26824
26828
100873740
100873775
100873779
4919
6097
6118
79871
6121
80135
6135
6146
641311
6125
23248
376693
644068
728963
6232
6195
26750
645884
6202
126638
64121
51093
51018
54665
6248
284654
8634
864
23623
284618
25950
339403
6258
6262
6271
6281
6282
6283
6284
57402
140576
6273
6274
6275
6276
6277
6278
338324
645922
6279
6280
64766
1901
148398
148418
6301
163786
10067
677774
677766
677679
677771
51097
22955
79005
6339
6342
57147
9672
10806
163859
51150
6390
6391
89866
9554
6401
8991
6402
6403
64218
10500
26135
347735
462
56256
574036
83667
9869
646817
10946
10262
2810
6421
375035
84251
117157
9047
400745
83442
80851
79729
51100
6464
81626
126669
149345
80143
57568
6497
6504
114836
57823
56833
89886
6566
100506392
9122
10560
6512
55356
29957
84275
284723
163742
9673
115019
11000
6513
440584
6518
155184
7779
55532
7780
148867
23443
23169
728661
148641
27173
254428
126969
204962
50651
85414
55974
200010
388662
6536
6548
284525
200172
100507178
64744
4184
23381
9887
284649
388588
113444
27293
56950
64754
116841
23557
85028
8420
79753
677802
692073
692157
677818
677825
677834
677885
677882
677838
26782
677843
692234
692235
6083
94162
94163
26806
26805
26804
692085
94161
26802
26811
619498
692195
692196
692197
692198
26770
26774
26769
692212
9410
645339
6635
81609
51375
6646
6272
9580
200162
128153
374955
642864
54558
23013
10638
90853
6698
6699
6700
6701
6702
6703
6704
6705
6706
6707
163778
83932
80176
6708
23380
100873165
647135
653464
100996712
6723
6726
10250
10772
9295
6429
23648
619518
6746
29101
117178
6487
256435
81849
54879
6491
83931
3925
90529
85369
23673
10228
6814
51430
474338
55061
9900
54823
6847
84144
25949
81493
284612
23208
255928
127833
148281
84958
26099
23334
4070
117143
6883
6884
9015
27097
8407
6886
6894
23435
80222
80835
80834
83756
128387
6905
6913
9095
6920
127428
7062
126637
200132
343521
126668
163589
11022
127670
27285
10420
84066
374973
339488
64216
7042
7049
90326
7059
117145
284486
9473
9967
7075
10440
64129
261726
7100
83941
9911
54499
127391
255104
50999
128218
56900
92703
653659
399474
199953
55248
84065
56063
339453
55116
23585
55092
200197
339456
79639
113452
148534
100527978
9528
199964
9725
51249
84283
388730
388595
643965
252839
29765
79626
100534012
8764
8784
7133
8718
7293
943
3604
8995
7292
63923
7135
51086
7139
7143
114034
9804
84134
7151
26092
163590
64222
7159
7161
57212
7170
7175
127262
388630
80342
7188
27095
81559
51127
51592
80263
80128
25893
55223
84676
440730
54802
54482
81627
54952
388610
128229
116461
7252
7257
100303453
10103
10100
81629
100131187
79573
55001
164118
100287898
22996
7268
8458
254173
79739
7286
200081
51060
10628
127253
6675
9898
118424
55585
29089
148581
10277
29914
164153
56893
23352
127733
101928017
91544
51377
7371
51506
127933
391051
7388
440567
9816
7389
7391
7399
7398
27005
23358
23032
84196
10911
9341
8674
81839
57216
79805
10451
100873946
7412
391104
317705
55187
11311
6944
391123
79679
64856
127731
10352
10163
653635
80232
10885
22911
126820
128025
79084
79819
23038
79971
7482
89780
54361
7483
49856
6375
6846
55113
9213
8565
4904
54432
55432
79693
51441
55249
100381270
7709
10472
84614
9923
360023
3104
51043
653121
728116
339487
9877
80149
51538
84243
339559
65243
9372
10269
79830
9202
9204
84217
7678
23528
284695
149076
80818
84838
51042
84146
127665
79862
93474
100533111
79894
339500
257101
127396
57592
51058
55657
57116
90874
401983
54680
57829
9406
100132618
100852410
7579
57643
440590
79699
26009
