51146
13
344752
10057
100873982
55324
55347
25864
100526760
84836
51099
57406
25890
80325
30
84129
28976
23527
1238
51554
8309
55
86
93973
84517
93
100128640
95
56999
100507098
111
9370
100874095
141
185
197
211
214
10840
100874204
100862662
200810
644974
10195
259173
386724
51421
275
25847
348840
23243
389161
55129
1173
327
347
26060
378
503582
57514
26084
100507524
50650
100874200
10425
646450
200894
80117
84100
10550
55207
25852
10093
100526693
10777
142686
28990
64422
10533
23200
79572
84239
344905
483
491
27032
523
545
84126
6314
64343
8706
84002
8702
8314
56987
590
604
622
8419
8553
100507582
91653
60467
55845
7862
8927
686
151888
57415
51161
84077
152065
285315
339883
80111
285237
132200
79669
285311
375341
200844
285382
152118
401097
646498
776
9254
55799
100874237
253559
100874037
8618
8536
94032
79012
820
23066
23473
846
859
868
151903
152206
100874114
64770
51244
339834
339829
152137
79714
84692
131076
285331
64925
151887
885
57018
1230
729230
1232
1233
1234
1237
10803
9034
4345
131450
344807
961
941
942
10225
993
64866
389118
55573
1951
84984
80254
80321
79598
8545
131474
84303
55349
10752
25978
8646
166012
9435
63924
1154
23122
1181
9076
5010
10686
51208
56650
7123
7401
116933
64084
101927808
152100
84319
54918
112616
152189
7555
25904
5067
152330
100873976
27255
344875
646300
256076
131873
1294
1295
8292
51122
9276
22820
10063
1356
1359
1360
1370
131034
151835
1371
51185
78987
10491
131544
1427
10675
64651
1475
10217
1499
1524
10663
11068
1582
1605
55152
1618
51163
131566
85443
55802
54165
201627
1608
22907
170506
9940
1739
100507086
25981
201625
51726
165721
285224
23317
131118
1776
1795
285381
151871
100128023
55211
1814
151636
1849
1857
51143
199221
9666
85403
55840
55096
9718
1894
9695
60678
90288
79825
151651
93556
100126791
1962
339926
10289
440952
83939
8893
1974
317649
1981
56648
54859
55831
442075
956
285266
285203
8320
2042
285220
2047
2049
9852
26059
711
790952
83850
2119
9941
23016
55179
11170
131408
728262
26355
131909
131177
131583
692099
729375
100125556
2177
115795
2199
25827
51725
200933
285231
26998
55079
152273
100505641
100132526
2257
2272
11259
401105
2317
64778
668
27086
100288801
23150
11167
8087
79443
84248
200959
339896
117248
2596
2624
2632
257144
85476
51738
100126793
2693
256356
2720
55830
132158
647309
29925
8833
2771
2779
59345
26354
2803
2804
27333
64689
2814
2815
23171
344758
2838
165829
26996
29909
2850
118442
53836
2876
54762
80852
131890
2912
2917
2932
2960
29083
9626
727936
2992
132243
8971
339942
26061
3059
79885
57493
51409
3280
8820
3081
57467
11148
25994
6596
100873945
56941
84343
3273
3269
79663
3355
170572
200909
285242
3373
8692
8372
7866
55764
55081
57560
10644
285313
152404
100506765
3592
101928376
55540
84818
54756
132014
3556
53833
3568
286676
3615
50939
9807
51447
9657
132141
389123
401067
100506840
389124
101928999
440956
84223
654502
100505385
9922
3656
57461
100534599
3680
101928153
3693
3697
3699
3700
3708
84522
8997
8850
166348
84541
7881
100874084
100874083
131096
10242
27094
200845
57456
57501
56992
64147
285352
28999
200942
23276
54800
131377
89857
3827
3836
3840
100506243
339855
3913
22973
27074
23395
100885795
389170
375323
8994
644714
29931
677779
100820709
100846978
100505566
285370
285375
151658
285205
100996597
152024
285326
645206
100128378
285401
84657
201617
285286
255025
339894
100498859
100302640
401106
401109
730091
100131551
100505687
401074
440970
100287879
100874330
730109
647107
401082
100996490
100505547
100507274
101927992
101928022
101929623
200879
29995
100288428
89782
56203
348801
100128164
100131635
100289361
101927374
101928882
220729
339862
339874
646903
90246
4026
100873917
339929
84859
26018
131578
79442
83598
79782
151827
116135
116064
9209
344657
57633
57408
4045
101926903
55341
27258
132228
4057
56925
131375
54585
89876
64110
9223
100873983
7873
9175
4134
79929
7867
5648
151963
8930
4154
401093
56922
23101
4171
2122
116931
131965
55669
64747
84789
11343
100187716
100302232
100302143
406916
100302112
100302212
406925
406929
406949
406951
406966
406975
407015
100422859
100500913
100500803
100500859
100500875
494337
100422868
100422952
100422941
100422955
100616477
100616407
100616476
100616138
100616281
100616395
100616334
100616291
100616112
100616161
100616166
100616216
100847021
100847039
100847036
100847079
693126
693127
100616384
102465247
100313938
100313773
100302204
693136
100847054
693148
693149
693152
693153
100847077
693154
100847082
693155
100847040
102464817
102464832
102466743
102465494
102465495
102466199
102465496
102466744
102465497
102465977
102465526
102465536
100313843
102465667
102465864
102465866
102466253
100126334
100126321
100126340
406890
4286
23609
4291
4292
4311
4336
84315
27136
22808
11222
57129
56945
64432
55167
4485
4486
100287639
64419
56667
200958
4585
389125
4615
22989
4634
4638
100506826
55892
25924
80218
254827
100862679
23218
22916
57552
4690
51517
25915
4710
4711
152110
79858
6787
64332
55768
84276
11188
56954
28512
4820
22871
51068
10201
347736
349565
27031
100532724
348808
10641
9975
8856
7182
100129354
375387
63899
64943
131870
152195
23225
255330
91775
4968
4976
100873941
81050
26341
403273
403274
79310
79295
26339
402135
403277
403278
114884
100874206
114885
344901
131149
92106
54995
9943
5021
5028
64805
53829
9934
54681
647033
5062
344838
55486
54625
165631
10039
83666
55193
57060
5096
57092
26577
5130
11235
10015
285359
201626
5162
10954
23024
51555
5210
5217
80012
51533
90102
54965
80235
5290
5291
30849
140464
51365
5333
23007
23228
257068
5337
5352
5357
5359
57047
57088
389158
5361
5364
23129
25886
50512
56983
10721
5437
84892
64091
5449
151649
5468
151742
132160
5504
5523
151987
166336
100652759
100874242
100874243
5576
100506637
5580
5584
60675
5627
729627
389151
389152
285368
100874032
29122
5708
9861
100507062
5745
25930
5793
100506994
5806
54899
152138
5859
54870
339122
5868
51560
7879
285282
56852
23132
5894
5912
5915
5918
5922
11186
102060282
29890
10181
100775107
10180
27303
100873979
5947
5948
84666
5984
91869
23180
6010
387
63891
11342
165918
9616
100873773
6091
6092
54763
152015
9045
6138
200916
6152
6159
6161
132241
6165
116832
6184
11102
3921
285367
9136
51319
132112
344892
83597
64108
8607
23429
6259
22908
344658
6304
22937
677767
29970
6336
11280
6331
255812
727956
6396
26984
9117
29927
7095
7869
6405
56920
54437
59343
205564
57337
27230
5274
5276
29072
55209
6419
51460
9467
100505696
51246
6474
55164
6476
6478
54847
6498
84561
6565
9390
9389
788
115286
55186
54977
65010
6514
9197
55032
80723
10991
54946
9497
200931
6529
100874090
6538
54716
6533
57709
285195
100885796
285335
6578
22865
7871
6599
10051
440957
100170222
619568
677836
574040
6044
6043
619563
677797
677847
692089
100113381
619567
692107
692109
54861
100873954
132203
8723
8403
6657
347689
353324
83893
28972
152185
646424
92369
165679
9901
100288831
58477
51188
6747
6750
51066
10402
100874207
6480
23166
6769
10274
201595
415117
9515
8801
101927111
56670
285362
26032
6854
132204
100874016
10474
29114
132001
9797
55773
9779
55171
79718
285343
6988
255758
6997
7012
51368
7018
7029
10342
7037
7048
7047
80145
100874039
7066
7068
644990
25917
440944
201633
51300
7079
25976
100287227
7086
54106
4071
100874091
116441
116211
100534611
7104
51372
23023
100507032
66000
11070
25907
131920
389177
55254
55287
90407
131616
79188
93109
100507297
55076
440955
7110
259236
643853
344805
8743
23043
10188
7134
7155
375337
11073
8626
131601
285386
100874027
348825
6434
10293
22906
9881
50852
11277
7200
287015
286827
131405
54931
51095
7220
9819
80746
151613
199223
26140
11334
285194
11344
114112
23350
9039
79876
7318
7324
7325
7342
26043
90226
54986
7372
7348
7384
131669
8975
10869
7375
257313
391518
79674
389136
9686
7428
50853
7433
23355
90113
57599
151790
348793
54554
11180
80335
7474
7476
25937
100128025
2829
165904
7508
54464
152002
100874528
101410543
9942
55689
79740
79413
27107
100009676
26137
100131117
253461
92999
152098
131540
254887
51304
7545
84107
55888
64393
51364
7707
10168
7584
79750
353274
115560
91392
51385
285267
253639
285268
51193
55279
285349
389114
100131827
7634
285346
344787
131368
79364
