10257
84945
113622
11215
440138
29880
241
219287
55608
400110
284232
100101938
55082
8874
115761
23250
100874205
479
496
540
51761
6315
646201
54841
100533467
79866
675
690
338872
387911
81617
79587
160857
643677
728591
100526761
83446
8900
81602
8881
1024
1045
55835
283489
26586
9071
100874194
1203
171425
100874063
83548
57511
1282
1284
100874203
170622
1361
100509894
51084
122011
220429
647288
8451
57105
1602
267012
282706
9201
1638
55208
160851
79758
81624
100874195
100874196
22894
10301
8847
220107
100874074
29103
5611
23348
100874096
22873
84650
1910
100505518
196549
1948
1997
55068
94240
2073
2098
11340
2159
2155
220108
728215
100874375
144809
10160
26224
2259
283481
283480
2254
100131561
2321
2322
22862
2308
341640
10129
100507099
2621
650669
87769
2700
2706
10804
55425
2262
100873969
10082
100873972
100873973
2835
2841
160897
1880
6011
79774
219409
2963
2971
2974
3146
144983
266722
10808
3356
100874082
8100
53342
3621
26512
100507398
3843
8660
9358
9445
84056
89890
84078
283518
115207
386618
9365
11278
688
57626
3839
144811
3916
26524
3936
3981
121838
100874059
100506697
144817
100874126
100874127
100874128
144920
283487
338864
100885781
100874137
100874139
100874143
100887754
100874147
101930748
101926930
100874150
101930747
100874151
100874157
101930749
100874158
100652856
144776
100874164
100287114
100874167
100874182
100188949
100874168
348021
100874173
100874175
643365
100874179
100507428
728192
100129597
100652865
100506622
440131
440132
400121
400123
338862
283483
100130386
100861542
100861552
100874187
100861554
100861555
100874188
100861573
646982
101409253
101927176
101928698
101515984
4008
222484
101929657
10161
23143
220416
4081
10150
23263
100289410
29079
100873965
84935
196541
121952
221154
4285
650794
100302187
406948
406950
406952
407975
406953
406979
406980
406982
100313842
100616110
100422973
100422881
100313896
100500908
100500861
100422940
100422861
100616304
100616182
642345
100616423
100616239
100847026
100846996
100616144
100847092
100302239
100847003
693206
693207
693208
100313778
102465872
102465874
102465876
407048
2862
54737
78988
10240
100887750
219402
9107
9617
23281
100874107
23077
100874212
23026
100885782
440145
90634
10443
116828
79612
259232
100885778
26960
54602
100874208
4752
341676
387921
55270
26747
10562
283491
100506759
27199
5042
255967
100288730
143
5095
100885777
27253
64881
5100
5101
100874064
100874086
100874087
55795
23047
3651
51131
10464
51082
51371
10631
5457
80209
8858
122183
729233
729240
729246
729250
55269
55647
5911
22821
387496
5925
64062
100505538
55213
1102
5983
5994
28984
79621
100874255
140432
56163
79596
100874222
6049
100873761
6144
100131205
122042
26278
100506680
10284
8796
387923
647174
400120
83852
6445
387914
283514
221150
122060
6555
6564
10166
253512
283537
6541
114798
26050
84189
4093
79024
101929212
100874377
619499
677814
26771
54937
6656
11166
100507533
122258
221178
100874231
220082
10253
57213
145165
90627
100874241
8428
161003
8803
10910
283507
55578
9882
81550
122046
100507064
121793
93081
7027
23483
55901
9375
55002
348013
84899
55504
8600
10673
7174
7178
100190939
93492
646405
220115
100616668
374491
10206
7223
8848
641467
7278
10426
337867
100289373
5412
7347
51569
55757
65110
646625
219333
100874071
10208
9724
51028
23078
100507240
10810
11193
115825
64328
646799
23091
253832
7546
85416
7750
9205
