10157
154664
5243
5244
340273
11194
10061
83451
43
60
51412
57180
653857
53616
11033
90956
107
117
165
116988
340351
3268
55750
392636
10551
155465
23382
196
7965
10142
231
57016
441282
6718
54784
273
155185
54467
57037
100310846
56311
54443
313
100874264
26
1174
9179
9907
358
381
728377
445328
7984
10124
83787
10552
10095
136371
142685
51666
9311
435
440
136991
285973
50617
155066
401431
9296
222255
26053
23080
563
646282
55971
9031
27241
55973
9275
10282
168620
338436
644
168667
669
673
221927
25798
8896
28969
56913
79020
79034
136895
202865
84310
136288
402573
401335
154907
80099
285941
781
93664
799
800
83698
813
816
830
84433
64921
835
857
858
79872
11335
90693
64753
57639
168455
6369
10344
83605
908
643253
643180
51622
221960
948
168448
55536
222256
8621
5218
1020
1021
95681
1080
51142
54927
1124
54480
1129
55501
1180
9069
24146
1365
1364
154790
23601
7461
4850
285888
245812
26047
55744
23242
10466
1278
136227
340267
26958
10980
90639
1357
1358
51200
93979
79974
10898
54504
27297
64764
9586
1395
54677
155051
441294
100128553
340307
100142659
83992
8454
1523
54205
54905
1576
64816
1577
1551
1595
9265
221955
10926
28988
1644
54606
27147
1607
9162
222029
222161
1738
1749
1750
285987
9988
8701
10049
4189
27000
84277
9732
100506413
1804
23333
100129460
554236
349152
442524
442523
113878
441263
11062
1780
80820
100130771
1956
100507500
27102
8662
442720
7458
392617
9844
100861514
2006
2020
54749
2041
285965
2050
2051
2056
2086
57488
2115
2128
60412
2146
220832
84668
9715
257415
728066
389558
222234
221786
56975
84792
340277
10447
84691
346653
10922
222235
80028
26261
619190
222894
389549
154860
10875
63979
51024
55033
8468
11328
286023
2318
221937
93986
6624
29999
8321
8326
79690
63917
168391
2617
57798
2636
79571
2645
51608
79017
2692
64599
170575
100527949
26157
55303
55340
474344
168537
155038
349149
113263
2737
2768
2770
346562
2783
2791
2792
221914
2852
10457
353345
115330
2845
2861
54329
2887
392862
2913
2918
54103
373156
2969
2970
9569
729156
84163
389524
85865
2990
642006
94239
26959
9734
23072
253012
64224
3082
11112
29923
3092
28996
3181
100506311
100316868
100133311
3198
3206
100874323
100534589
3207
221883
3209
3199
3200
3201
3202
3203
3204
3205
3315
3361
100128264
3364
23553
3382
3475
10643
3484
3486
10320
3569
83943
3614
54556
3624
285954
11185
3638
26173
23288
154865
3663
3696
221895
100128081
25948
3751
3757
375616
154881
11014
80853
3792
9808
23366
57189
222223
57670
136259
23008
55975
346689
58508
55904
100216545
402569
84626
889
3912
22798
389541
55915
7462
3952
3955
375612
645591
723809
3984
378805
285908
64433
349114
84847
154822
255031
285972
401321
402483
100128822
100216546
100506050
100506380
100506527
100506516
64327
442721
22853
100101148
100128885
100129148
100130673
100130849
100131257
100133091
100240728
100287704
100287834
100289561
100506497
100507642
100630923
100996249
101409256
101926943
101927354
101927446
101927811
101927870
101928401
101928618
154761
155060
401324
407835
441204
441242
541473
641746
646762
650226
728743
4034
136332
10234
64101
65999
100506049
401387
54674
222229
23658
51691
286006
51631
767558
346389
100874041
8379
7975
9863
100874021
100505881
115416
255374
4176
29969
4191
4223
56257
4232
317751
4233
55798
8972
157247
79778
54468
406900
100302113
406917
406940
406945
406958
406959
442920
407014
407021
407024
100422967
100422939
442904
442907
100500819
100500896
100500835
100500836
100500920
100500829
100422917
100422848
100422948
100422858
100616367
100616226
100616116
100616346
100616310
100616331
100616270
100616206
100616117
100616160
100616465
100616393
100616439
574442
574443
100847073
100847078
100847045
100302159
100313895
100302191
100313772
100422849
693133
693134
100616354
100500883
100500830
100847032
693174
693175
693176
693177
693178
693180
102466616
102465139
102465254
724023
768213
102465503
102466985
102465504
102465505
102466747
102466203
102466755
102465538
102465857
407050
407053
4289
23608
51085
221938
100505381
3110
645249
346606
64598
100289017
136647
51678
64983
51373
64951
51650
136319
100463482
222166
10071
140453
84176
93408
58498
64005
23148
10135
222236
375607
54892
653361
654816
654817
4697
4698
4708
100134713
63974
9603
51314
135935
10392
64434
4846
29881
387129
404744
4885
64111
4852
4897
4899
55695
155400
260294
51251
51667
23386
4521
23165
30010
222950
654231
4951
4967
611
346528
346525
135941
442361
401428
392138
402317
393046
401427
441295
81392
26211
135948
135946
346517
89883
135924
130075
80228
5001
26031
56903
64761
5078
22976
202781
100132707
27445
5118
100129845
11333
5137
5154
9601
5166
23089
168741
5189
5224
9678
5260
57157
5294
29992
29990
5304
168507
84725
8985
91584
9512
5395
441194
5379
5387
5382
5383
50640
5420
5425
27434
5439
246721
548644
84820
9883
100101267
285877
22932
5444
5445
5446
10248
5447
25913
11281
100861520
5478
10842
221908
5506
55607
51422
100505483
5575
5577
79706
221823
222171
401399
5644
5645
136242
154754
136541
5683
5701
84262
114796
5723
26024
5764
5782
5799
5803
5814
54517
79037
101752334
401409
27342
5879
55698
5898
10268
9771
5919
10156
100271927
401331
57786
100533952
389458
55131
155435
84060
5649
29803
5982
57414
6009
60561
168433
378925
54476
100874342
441191
140545
100873753
100873748
100873749
100873765
6100
441212
6119
399670
100129424
222901
256355
222194
222967
728194
154661
54809
219285
100316904
51119
155370
85477
9805
221935
23480
10371
10512
223117
9723
5054
6424
8910
10603
6469
8935
56996
6561
26266
10165
55972
1811
5172
286002
375611
222962
84912
84255
6522
6604
100287482
6608
57154
27044
27099
285958
677801
677803
677807
654319
677795
677796
677798
692210
29887
23161
29886
25928
6671
221833
6677
285955
441273
100310812
441272
442590
729597
441251
728524
6717
6733
222183
51593
6742
136263
23145
7982
93653
93654
93655
338069
10734
54441
442582
442578
64940
101735302
101752399
83930
26872
256227
261729
100874100
79689
9263
56164
346673
57464
6804
51657
79783
25870
23353
256979
136306
6856
6863
6878
445347
50833
50831
5726
259285
50832
259286
259287
54429
338398
8887
26608
9238
57057
6916
25851
26136
260341
22797
7980
7036
168451
221981
222068
54664
83862
222865
135932
55281
64418
55365
28959
100507421
202915
256130
84928
155006
730130
79161
55069
85025
83590
23534
84629
64759
54543
11257
286016
27010
8460
29896
100506776
9865
8805
89122
135892
81844
375593
378108
7205
56302
55503
8295
207147
81628
114960
23554
27075
340348
79989
80727
7291
221830
55253
441250
51619
7328
9690
254048
402682
340260
105375355
7378
55665
100534592
84132
7425
7434
154807
81552
155382
27072
222008
375567
221806
8976
55112
349136
100131176
29062
494551
285962
100288524
644150
26100
51384
7472
7516
10652
649395
7532
7455
101927655
113763
56829
92092
51530
55063
55146
90637
7586
23660
83637
51427
51351
7559
7697
7988
10793
11179
8427
7551
100131017
84124
57541
155054
168544
90827
79027
168417
340252
349075
441234
442319
643955
730291
728927
155061
285971
27153
100289678
136051
285989
168850
219578
401303
54753
643641
645700
168374
10467
223082
441208
100271874
7784
11055
7589
221785
7791
