57505
89845
23
7920
58527
29777
39
55856
134637
221442
79747
84830
177
10554
56895
79992
54806
199
51390
100271873
221264
9590
9465
55122
7915
64577
262
22881
100287718
23294
10930
55937
383
93663
57492
221481
84071
101929716
10973
25842
79969
1388
9474
442211
534
100532737
6310
8705
135152
60468
9532
7917
578
594
9774
57673
221336
63915
100526836
653
654
670
6046
23629
27154
114781
696
11120
10385
54718
11119
11118
10384
56244
11149
154442
705
717
720
721
100293534
168090
387263
647024
221545
135398
29113
206412
404220
51250
389384
221416
441150
57827
347744
352999
81688
221477
100130967
285782
100526820
10486
11131
401237
101929083
9994
221262
154467
80129
25901
54535
892
896
1235
135228
8763
23607
9308
51362
988
23097
54901
1026
1041
9425
55166
387103
285753
387119
629
1081
10370
49861
1192
53405
1208
340204
389383
134829
8418
23070
154043
10695
1268
1300
1302
1303
1310
81578
1297
51805
1347
57699
401262
167
7180
10321
1460
643854
9820
23113
51596
51167
1590
1589
51302
23500
168002
1616
285761
51473
23564
8528
780
7919
55510
50619
245913
245915
245927
245928
403339
7913
8449
401282
65989
28514
1769
10591
340168
29940
1832
667
84062
56940
1797
6993
1871
55862
10455
345930
1906
1915
9521
100526837
114327
80864
10919
54898
100506409
6785
60481
5167
5169
22875
59084
2037
2045
7957
55780
405754
2099
51513
55770
2070
346007
7430
101409257
2162
2173
84498
57579
221303
79632
222826
619208
26240
222584
51439
2178
10667
84553
26235
84085
26271
26268
221472
11116
9457
9896
27145
2289
63943
285759
441172
10211
84624
2296
2295
2309
116113
94234
2444
79981
10817
2519
10690
2534
2550
2569
2570
2729
8521
9247
2651
54438
389400
449520
116254
2697
84694
375519
2739
2740
389396
2762
51053
2766
2794
27232
57120
7918
2822
2853
2830
81491
222545
63940
2880
257202
2898
2911
2914
2938
2939
2940
2941
221357
730152
442245
2968
404672
112495
54676
2978
2979
387036
375513
57531
10767
493812
414760
414778
414777
285834
414764
414765
352961
253018
54435
80868
10255
10866
3062
3066
51020
154150
23593
51696
23493
3077
100128124
135114
3024
3009
3006
3007
3008
3010
221613
8335
8334
3013
3012
8969
85235
8329
8331
8330
8332
8336
387319
255626
3018
8347
3017
8344
8343
8339
8345
8346
8970
85236
8340
8342
8341
8348
8350
8358
8352
8351
8353
8968
8355
8357
8354
8356
8359
8366
8364
8360
8367
8361
8369
8365
8294
8363
8362
8368
3096
3097
3105
3106
3107
3108
3109
3111
3112
3113
3115
3116
3117
3118
3119
3120
3122
3123
3127
3128
3133
3134
285830
3135
3136
3137
3139
3159
387065
54511
9324
100288198
10473
222537
7923
3298
3326
3303
3304
3305
401233
3351
3354
728655
135458
57061
25998
22858
3400
8870
340198
3459
3482
3605
112744
53832
116379
3617
117283
26034
134728
3662
3710
389434
3720
353219
11104
729176
83795
89822
8645
56479
100873997
222658
221656
80759
100129128
154288
202559
9856
9729
57691
63971
3834
100505879
221458
3833
89953
116138
401265
114792
3841
84456
3908
3910
9113
167691
221496
51557
222662
389421
387111
100133205
401288
441123
100131814
285735
401253
79940
90632
221718
80069
100874531
441177
401260
154092
401232
100507173
100507254
100507362
100507584
102216342
55788
100129636
100131289
100270746
100289495
100294145
100506188
100507547
285762
285819
441155
729603
730101
4018
80350
57497
84918
55227
221424
57819
7940
4049
4050
84946
58496
80741
80740
58530
79136
259215
9450
285780
57226
57128
9587
4117
4121
79694
4216
4217
6885
9053
5603
1432
4082
4142
116511
154141
401250
84539
728012
4172
254394
63933
9656
4188
266727
23195
4199
4201
9477
9439
101928601
4224
728464
100507436
64780
4277
100302242
100302123
442890
100302141
406989
100302164
407029
407032
100422934
100423001
100500880
100500879
100500900
100500899
100500851
100500885
100500857
100423005
100616413
100616109
100616180
100616154
100616269
100616237
100616178
100616352
100616174
100616430
100616285
100616230
100616124
100847012
693125
693128
100302287
100847075
100846998
100847048
100847016
693171
102466720
102466190
102466746
102466745
102465500
102465501
102465502
102466754
102465537
102465668
102466816
102465694
100126314
90523
100874282
4295
253714
4337
4340
26002
51660
112609
64928
29074
51069
55173
55168
28973
57380
4439
100532732
23787
113115
25902
25821
54516
100463487
394263
100507679
4602
80177
29116
340156
4646
135112
9436
259197
29078
4739
7936
4758
4794
4795
4800
100294720
378884
57224
154215
222698
4829
51406
4855
50508
4835
7101
11270
51299
140767
221294
4907
11165
9972
348995
116150
221443
79627
167826
441161
221391
4988
442194
26531
26529
81797
442191
79541
81697
442184
26212
26716
7932
26707
442186
26692
81696
23595
202459
28962
135138
285796
29993
55003
101154753
85315
59351
5089
5110
5134
10846
27115
57107
64065
8504
5190
5191
10471
84547
5225
5232
5238
221692
9749
5252
55274
23469
55023
221476
5292
206426
5314
5570
7941
5325
57480
5340
5350
135293
25957
154197
285848
10957
5429
9533
94026
64208
5454
5460
5467
51645
85313
285755
5514
6992
81706
170954
648791
5528
9374
100532746
639
59336
5550
29964
5558
5617
8899
5961
285800
80742
7916
80863
10279
167681
5689
5696
5698
389362
170679
170680
100130889
442213
171558
5754
7803
5796
221749
222659
9444
55278
51715
10981
401258
135250
100652739
353091
646024
154064
10048
57038
221662
10231
85021
5980
442247
222546
5863
26575
6005
22999
6015
83732
8737
134701
55005
8635
255488
81847
221687
154214
80352
6048
286140
9025
8732
100887744
100873774
6086
6098
84154
4736
285855
79897
10799
6204
100529239
6206
647190
6222
645958
6196
100861523
100874353
58528
6239
88745
83861
345895
221421
84870
84816
860
51389
112611
6257
154075
389432
401251
23328
55776
22828
100124533
10590
256380
222663
11231
26054
84947
57515
1992
5269
5272
27244
83443
113402
389376
6446
83699
257218
6492
23408
6499
117247
6568
10246
10786
10050
26503
116843
6580
85413
6582
63027
6581
10864
9481
442229
116369
2030
154091
10559
347734
51000
340146
222553
7922
80736
60682
221710
57150
100507203
64094
6610
10924
9892
387066
677806
677812
594839
677820
594838
594837
692233
692092
26801
26799
692088
26797
692199
154007
6631
57231
8724
51429
55084
6648
387104
6659
81833
221409
25803
6722
6732
135295
6428
6745
8859
11329
401236
8676
8417
134957
729178
387082
8464
221711
10492
23345
8831
8871
100874300
94120
134864
9287
9038
319100
83551
134860
23118
6882
129685
117289
6890
6891
6892
55633
221322
51256
6903
6908
9519
9096
6941
6943
6950
6953
401285
6954
202500
6991
51567
221400
732253
7005
7020
100130275
7021
83741
51106
7942
7058
387357
26230
27283
93643
28978
81853
51522
441151
100113407
57583
114801
221468
729515
253582
55754
55362
7124
7128
27242
7146
7148
222699
100188893
7162
7164
728402
7172
10758
643749
9697
401264
100128327
10345
54210
54209
340205
79865
340206
285852
221438
55809
10107
89870
7726
5987
11074
10475
56658
202658
135644
60487
643432
222642
7259
23270
100130890
84630
7272
83887
203068
7280
347733
51175
7287
56995
167838
81567
10537
51465
90025
23304
23376
54887
80329
80328
79465
222643
54346
84300
85015
25862
10090
7402
7407
57176
7422
245806
7432
387316
8876
8875
55350
6293
51534
80737
8936
253769
9277
56897
9589
57510
25844
221527
57621
9278
9841
221504
153918
340152
79683
60685
346171
80317
387032
7745
7718
7738
651302
7754
23036
282890
24149
79692
346157
26036
7629
30834
9753
221584
80345
100129195
222696
7741
64288
7746
