5826
145447
63874
22985
641371
10965
122970
641372
87
161159
55860
97
8748
317760
8747
145241
8755
57143
196883
122622
113146
10598
84962
122481
9495
9472
207
4329
8846
81693
283
23357
122416
8906
11154
55745
328
9870
382
384
394
84837
55701
5926
51676
374569
22863
55102
51062
51382
4287
9529
10538
11177
64919
599
100529063
623
624
57596
652
101101776
414763
2972
84312
90135
55727
55017
56967
283598
283579
400258
122525
317761
60686
801
79820
643866
729665
56936
317762
440193
57820
8812
9578
55038
64403
8814
1033
1053
145508
283638
1073
10668
57680
1113
29082
91612
100529261
27141
51550
85457
1152
161198
79789
1215
116173
10175
1690
51004
51241
341947
9362
53981
1396
1397
1511
10858
23002
51339
1603
80344
26094
8816
80821
57062
123099
115817
10202
10901
55449
728635
317749
51635
23405
400242
1734
100628307
1735
64150
9787
8788
1743
55172
83544
8110
112487
503639
1778
55837
643332
10876
64184
90141
10278
112399
8892
1965
1983
2003
91748
51016
2009
161436
957
2079
2100
2103
51466
55218
91828
10640
145483
283635
90050
283592
161142
57697
10516
254170
55030
51077
10979
161247
2287
400221
23768
55640
2342
2353
3169
2290
1112
400236
29018
122786
145438
100874185
84075
2530
645431
55632
2581
57452
2643
8487
51218
2764
51292
54331
64841
9950
55668
122876
10243
29933
64582
283554
2856
8477
8111
2877
145258
51527
2954
2957
3002
2999
54930
399671
25938
25831
84439
3091
100750246
100750247
3183
57594
3320
3306
3429
122509
83982
112752
280655
64806
64423
84684
79711
64207
10379
122961
145501
3705
319085
3714
122953
51528
84502
27133
54207
56659
23351
9786
26153
3831
122773
23588
54813
123103
3895
100129075
79944
112849
3958
5641
91750
338005
338004
145200
645687
283601
100131366
101101773
145249
145216
196872
283547
283553
283624
400238
646113
101954204
100505967
100506433
100506412
100996280
283587
100288846
100289511
100508046
101927045
101927124
101927178
101928075
101929572
102723809
145474
145581
26020
122769
341883
1241
56413
4053
4293
11183
93487
4140
4149
51562
161357
145553
10001
55384
79104
100507257
64745
56339
4247
4253
145282
100302157
100302209
100422837
100302250
100302145
100302236
406914
406924
406927
406946
406990
100126336
100616495
407023
100126297
100422981
442897
574410
574408
574409
442905
442910
442914
494325
664615
574435
442913
494326
494328
494329
494330
378881
494331
574413
574434
693121
574433
100423019
100422984
100422954
574038
574451
574034
100616280
100616158
100616490
100616424
100616176
100616211
100616300
574436
619555
664616
574450
574452
574453
574454
664612
100126308
100126335
100616347
102466162
100500919
100847076
100847024
102464828
693209
724024
724025
724026
100126315
768214
102465428
102466730
102465458
768212
768222
102465801
102465832
102465841
102465871
102466889
100126345
55320
27030
4323
4331
64112
5891
64398
122704
9112
4522
4624
4625
122830
57447
4707
4738
100528064
91754
9147
4776
4792
58157
25983
22795
51199
7080
100506237
26257
161424
4857
122945
64067
10577
55051
4901
9369
80224
256281
8650
57523
26534
26533
390439
440153
79334
390442
122748
26686
79544
390433
122740
81127
390436
390431
79317
122742
441670
390429
390437
441669
390445
341799
55644
78990
5015
100309464
5018
8106
23241
89932
10914
10038
5083
5106
57161
5228
5283
122618
26499
400224
26030
57475
9240
5411
4860
5427
29954
404785
100852406
641455
5494
23368
145376
90673
55012
5527
5529
57718
145270
5583
5587
10419
283571
55015
5663
5684
5687
122706
5693
5700
5706
5720
5721
100886964
5729
5732
145482
11099
5836
376267
84932
5875
5890
253959
55147
58517
23186
647286
51109
145226
9985
161253
9628
57381
79890
11035
6035
338879
122651
493901
440163
6036
6037
6038
6039
84659
122665
390443
55072
57096
140801
645683
6166
85495
6235
9252
83694
388015
6252
6297
161394
23034
60485
677768
23256
56948
10484
6400
5265
51156
256394
145264
388007
12
5267
5104
866
327657
84193
253970
81537
26037
10572
6495
51804
4990
6554
51310
123041
89874
100129794
123096
283600
341880
145389
29986
55334
9056
23428
6547
81892
64093
6617
283596
100124539
677811
677845
767561
767562
767564
767565
767566
767567
767569
767577
767588
767589
767590
767591
767592
767593
767594
767595
767596
767597
767578
767598
767599
767600
767603
767604
767605
767606
767608
767609
767610
767579
767611
767612
767580
767581
767582
767583
767584
767585
100113391
100113389
319139
319103
692053
22938
58533
122809
6655
55812
6710
9517
171546
6729
6430
6751
85439
29966
29091
6815
11198
646658
23224
161176
55333
100529257
83851
387332
123036
8115
9623
27004
55775
122402
9895
7011
441687
647310
7043
7051
79178
26520
26277
10548
10972
283578
80757
388021
161145
26175
643382
54916
161291
57156
81542
7127
387990
9878
122664
7187
122553
114088
9321
57570
115708
7253
283629
91875
145567
123016
23508
23093
57544
55148
57578
22846
79609
63894
7443
55237
338917
10490
7453
11169
91833
79446
112840
7517
56252
7528
22890
7597
100128927
79696
79882
283576
85446
677
53349
79038
23503
51222
57862
55778
