22848
14
26154
8647
10058
64240
64241
84696
10152
33
57007
130013
55289
52
2181
72
10120
10097
10096
440888
90
130399
92
98
6868
8745
109
119
55256
151
3899
54812
116987
60509
100874031
3267
8540
189
285116
238
55821
7840
100874291
248
250
57679
205147
83607
64682
100286979
150709
51281
729171
200539
554226
375248
57730
645784
51239
91526
101927547
79998
55139
50636
84168
307
316
344454
130340
200558
338
375318
653437
55843
9938
100271715
50649
10865
10123
26225
151188
80210
10109
8853
51665
401036
51130
55515
54529
151516
431705
55252
54454
1386
55054
23192
79065
471
64225
84913
525
245973
90423
51374
550
8708
10678
93010
580
29994
129880
53335
10018
617
274
57448
27302
659
666
100379249
388962
100507171
66037
699
9689
10438
165257
150590
84226
29798
408029
54980
348738
79074
130813
401027
388969
205327
339778
257407
129852
339804
130355
388960
389073
388963
56918
84281
400950
51719
785
790
10203
805
79823
822
11132
92291
440854
79800
843
841
375307
150472
84317
79635
165055
151278
285025
84865
130940
554201
284992
129881
90557
91409
114800
55704
54520
6364
905
100129961
151195
10575
10574
50489
940
9936
925
926
10602
83879
65061
8941
344387
10153
1058
79172
23177
375298
253782
100861402
55997
653275
8837
65072
10669
494143
84269
51652
1123
79586
1134
1144
1146
9486
9391
130106
9541
150468
23332
165530
130162
79745
1195
129607
1261
26505
26504
55571
27013
25927
129684
493753
22837
1281
1285
1286
1290
1293
78989
150684
64708
10920
80219
1329
9167
130749
1373
29034
51692
1385
200407
51232
9419
1412
1418
1419
1420
1421
80034
58190
1493
1496
8452
57703
3577
3579
3580
7852
79901
1545
285154
57404
56603
1593
339761
100132708
646802
192668
9595
728294
92196
1615
164781
1622
100169989
80067
728597
1639
100189589
1653
84771
8886
1674
8527
1716
100874048
10170
90957
116093
729582
129563
1745
1746
1768
56171
3300
414061
54431
51277
729723
285126
92737
1788
23549
55619
1796
57628
389023
1803
84661
56896
165545
92749
1838
1841
8446
142679
1844
285193
1781
51626
8291
391475
1876
9427
347694
10913
1933
2202
80303
22979
1961
23301
30845
5610
9451
8890
9470
9669
84173
11117
27436
400954
2016
2019
2034
57669
26122
4072
2043
2066
2071
285141
27248
57471
339768
54465
84141
344191
23233
2168
51011
151313
729234
642273
150864
79843
285172
84908
654412
84140
130074
165215
51252
653140
375190
81553
90499
25940
55120
2191
440905
100216479
9855
10056
79675
22868
129804
80204
130888
150726
554251
90342
54738
9637
2274
344018
55137
2281
51661
403150
285150
400999
114793
2335
64838
2355
200350
344167
3344
2487
2492
401024
348751
2498
388965
7855
8324
57818
2571
64090
130589
114805
79623
2591
11227
2637
25801
9648
6936
2641
2646
100329109
151449
79833
348654
2673
2677
645367
26058
56287
200504
79411
2736
2744
64395
29926
10578
26003
150763
253635
151306
2817
2820
11321
2825
101669764
344561
151556
2840
2859
2863
11250
9290
10936
100302652
2888
9687
29841
79712
11036
2976
9330
51454
2995
23498
3030
3032
8520
9759
3069
54497
57520
55502
26275
55355
3099
3176
220988
92906
100506783
3231
3236
3237
3238
3239
3232
3233
3234
3235
3241
64342
100874343
9394
3329
3336
100529241
3357
27429
285148
130026
29851
3398
3417
100507475
64135
26160
3485
3488
3549
22807
8809
8807
3552
3553
84639
3554
7850
9173
8808
3557
27179
27177
56300
26525
27178
80895
10989
92856
84289
3623
3625
83444
100532735
54891
3628
3631
3635
51141
79781
3667
3676
3655
3685
9270
3694
81618
150771
50618
55677
151050
55683
56888
23704
3754
170850
90134
30818
3769
3760
56660
3777
3790
130535
55818
3795
343990
84542
57498
547
3797
3800
8462
8609
151230
114818
377007
10324
51315
200634
8942
10314
9741
81606
85474
151534
253558
3938
29094
3973
3987
55679
96626
100271835
101929559
100499171
339788
339789
150992
150759
151477
285045
400941
100874055
646324
151300
400946
101927994
84931
150568
101927360
150577
151009
151171
284998
339822
375295
388948
100134259
389043
400952
400955
440894
440925
100129726
100506328
102682016
400957
440900
51601
81562
100130452
100286922
100287010
100288570
100499194
100506124
100506142
100506274
100506474
100507443
100507600
101927053
101927709
101927881
101927967
101929319
150776
150935
200772
285000
285074
339803
375196
400940
440895
440910
442028
643387
646736
164832
84695
23175
53353
4036
10128
9208
347730
80059
4052
4065
100526664
129530
254773
116372
130574
130576
130951
4118
7851
4133
80122
10746
8491
9448
22924
57574
64844
8685
92935
4144
4148
55777
129642
84693
90411
4175
4190
130752
285103
4211
730198
7795
51072
10461
254042
151194
29081
79828
56947
388931
54842
84804
11320
4249
85009
406903
100302285
100422885
100422872
100302219
100616324
100302142
100302172
406915
100302246
100302126
406941
406944
406998
100126319
406999
100423036
100616360
407017
100422986
100423030
100422928
100422824
100422908
100422993
100423002
100422957
100423039
100500837
100500878
100500850
494324
100422929
100422996
100422965
100422888
100422863
100423027
100422994
100422959
100423043
100616345
100616469
100616473
100616419
100616499
100616341
100616399
100616123
100847033
100616213
100616207
100616397
100616493
100616394
100846999
100616307
100616219
100616157
100616392
100616418
100616356
100616361
100616267
100616472
100616317
100616464
100616159
100616447
100616208
100616187
100616378
100616364
100616417
100846995
100847037
100847087
100616475
100847035
100313771
100302152
693143
693144
693146
100847007
100847053
100847081
102466516
102465255
102465256
100313824
102465485
102466197
102465486
102465535
102466235
102465835
102466866
102465877
100126350
129531
79083
27249
55233
25843
116255
7841
729967
10199
58538
4358
55686
339766
9801
51263
9553
51318
65080
116540
64969
64965
343930
4436
2956
151507
2660
57504
10797
4528
10651
4084
151325
4613
10408
4632
4430
140469
4648
23040
730811
653784
80097
4664
64859
55577
9027
51471
51594
65065
23397
8440
10787
344148
4691
8648
4705
55471
4709
4719
4703
4759
129807
93082
4760
4780
27247
25791
79840
60491
84365
254128
58484
9111
129521
10316
79954
51602
115677
344022
4862
4867
4880
4929
29959
8828
9378
93034
100526794
23620
129401
11249
57624
23363
4953
29789
389090
150681
79315
4999
5000
94101
114880
64172
101409258
130497
100128731
9381
150677
5013
165140
728773
400961
64895
117583
23178
5077
7849
654433
5093
400960
64002
84759
51449
5133
79031
50940
5136
5147
10130
5163
55825
57162
8864
5194
375189
80055
493911
100526832
55022
5281
200576
91461
8502
22925
151056
84812
5334
5341
65977
55041
130271
389072
285189
5343
5342
5378
25953
56902
87178
56655
25885
84172
5433
5443
445582
728378
653269
653781
440915
5455
9360
53938
5495
5496
5500
151242
129285
5510
5534
130814
84279
10113
9581
53632
5581
23683
8575
51052
5624
10887
150696
344405
55660
643905
646960
23550
5707
10213
23198
55037
5746
5757
26469
5775
5798
391356
23369
150962
7837
25797
23518
10890
26056
64284
5861
22930
84084
100131320
11159
729475
5899
10267
5903
11069
91149
65059
25780
64080
375287
375316
129831
5937
57665
65055
5967
5968
5068
130120
5966
389075
54884
51455
130132
731220
400966
729857
653489
285190
729121
84220
729540
727851
84236
388
23433
55183
151393
101410544
64795
246243
100506054
390
7844
100526767
9781
386597
284996
51255
64320
57140
100151683
100873780
9475
6120
22934
56969
118433
6160
6168
56475
6233
6201
6241
91543
6242
57142
285180
6295
79595
23314
150538
677775
677772
7857
101669767
51540
6323
6326
6328
6332
6335
79634
6344
6382
54910
10505
5270
9792
91404
23451
84826
6439
94097
130367
284948
23677
344558
100287216
26751
10736
6496
100506108
6556
151473
80704
6509
6574
151295
8604
7781
55676
80255
54978
151258
57181
6519
30061
57282
22950
6508
57835
8884
60482
6546
100128590
6549
389015
50485
79677
55627
150572
10322
100170221
25992
100124535
619569
100124537
100337591
654321
100302743
692058
100113392
6082
26798
26796
692110
25826
692205
692209
692225
23020
11017
6637
54221
9784
9655
6654
65124
6664
6672
3431
11262
93349
6670
389058
100131390
79582
6683
130560
348761
26010
57405
245711
10290
80309
339745
6694
6697
200734
6711
55133
6716
6432
6741
8869
84620
10254
10617
56910
285033
6772
6775
55240
114790
8576
9262
10494
27148
27347
11037
286749
55437
6801
8802
6819
151234
442038
27233
391365
7341
9913
6869
9014
85461
10010
11138
10716
150921
83439
150483
200424
113419
200523
401014
29842
7035
7039
100874273
9392
10618
63892
51078
55258
80731
80745
7072
200765
9874
3196
79853
64114
23671
55654
23505
129303
81615
92691
200728
80775
130733
129787
130827
79134
130612
54867
65062
388946
140738
84910
9168
7130
7141
7145
9540
7173
51002
129293
26146
66008
51112
28951
129868
653192
57159
9320
55006
79054
80705
7247
388951
79809
100506134
55622
92104
150737
64427
130502
57217
150465
9654
7273
100506866
113457
112714
7277
80086
117581
10190
129450
10477
140739
100533179
130507
165324
23190
7349
56886
7360
54658
54575
54659
54657
54579
54578
54577
54576
54600
25972
285175
151531
9736
57695
10713
55230
80146
10791
8673
25806
7429
5212
51542
7444
7447
200403
402117
100885780
375260
23559
57590
51057
55759
55339
57539
23160
84058
84128
116143
151525
7456
80326
7475
7498
129446
100874011
7514
7520
84272
51646
10971
647012
7535
55854
376940
84524
57683
9839
100303491
130617
678
7701
7549
151126
84450
130557
84874
27332
91752
84083
151112
