2
144571
144568
3
8086
65985
23457
10060
225
32
80724
35
84519
341392
79611
64431
91
94
8759
80070
112
79602
121536
116986
100130776
57379
10566
160428
217
84920
144245
121642
8092
144193
269
347902
196394
51433
51434
647589
23141
88455
341405
283373
56899
57101
121601
196527
23519
317
339
319
81575
55198
359
362
363
377
64333
397
115557
196528
400
51329
56938
10094
420
140461
429
121549
41
466
11016
55729
1822
488
490
23545
6311
552889
10677
552
79369
2583
283358
11176
79738
586
144233
100286844
79370
605
144453
79365
636
51411
2647
100528022
8315
140707
121551
694
60314
91298
57102
283461
374470
64897
121053
79794
160419
121273
115749
113246
144608
91574
144577
728858
728568
338809
387882
400073
196415
283403
338761
715
51279
283314
716
9847
719
9478
775
100652846
100874234
100874370
93589
784
57658
10645
55832
65981
84698
93661
55259
101929110
23468
120935
29080
160777
84660
160762
85478
84318
55297
80212
196477
894
904
10576
9332
283316
939
678655
920
967
969
928
83461
5128
1017
8099
1019
1027
1990
80184
91012
1108
55743
56994
50515
102216268
11113
10970
160364
387837
51267
51266
387836
9976
29121
50856
170482
338339
26253
93978
64581
283420
160365
6249
574028
574016
9746
55907
1240
4848
10330
1272
1280
50813
22818
93058
84274
23603
84987
1337
1368
144402
11052
8738
1389
1407
1431
51380
81566
1466
10106
23316
1594
1610
9802
440097
117159
1634
196513
10540
1649
23109
1663
100506660
440081
9416
51202
317781
79039
57696
160518
100874249
8562
120863
51071
1606
50846
57647
56616
57609
196385
85406
79962
10059
359787
283417
55332
171220
1840
196403
80824
1848
8655
8445
8798
144455
8411
493861
1967
1975
2004
10436
2012
8909
2026
57634
2059
1833
2065
23085
51290
121506
10961
9700
23344
55500
2120
23017
677784
121006
84070
29902
84915
84983
440078
196472
653113
55138
55711
57666
144699
23014
26259
121512
55785
8074
2251
26127
11153
401720
51303
2288
440101
79857
91010
55810
2305
121643
10818
11211
440119
23710
8693
11226
26290
50614
2597
283431
283459
10220
9573
9815
2735
11010
256710
144321
27165
144423
83468
51228
644076
2784
79158
2799
55592
2802
51026
2819
51184
27239
11318
2842
53831
9052
55507
160622
2904
23426
83445
2967
121355
2984
283464
2998
341567
55766
440093
3034
27198
338442
8843
29915
51564
50865
283450
92797
613227
9026
121504
8091
6927
283460
3178
664709
100124700
100874363
100874364
3226
3227
3228
3229
100874366
3221
3222
3223
3224
3225
3242
8739
8630
7184
26353
93164
84329
3375
25900
3458
100885789
28981
3479
3489
121457
64375
50616
51561
55801
386653
51147
3626
83729
10526
115811
440073
11213
51135
23479
55846
3678
3679
3695
3709
54934
3736
3741
3742
3747
23416
3764
27345
83892
84678
5927
11081
55605
3798
4254
57542
3820
3821
3822
3823
8302
100528032
3824
51348
100431172
10219
22914
8085
9735
3845
11103
3848
3875
160313
3849
3850
3851
3852
3853
3854
286887
3855
112802
140807
319101
121391
9119
51350
374454
196374
338785
3856
144501
3887
3888
3889
3890
3891
3892
283455
90070
3902
3906
113251
3945
23592
25875
8549
64211
51474
8825
100287569
144360
283432
100862680
283404
253128
439916
144742
389634
400027
400084
100271702
100287314
100292680
100507206
387895
100499405
338799
84298
55716
55885
100130075
100130238
100240734
100240735
100287944
100335030
101593348
374443
642846
643711
728739
503693
57121
10162
100507055
121227
4033
4035
4040
376132
10233
254050
84125
120892
654429
4048
4055
4060
4069
4074
55110
54682
100287284
643246
7786
8550
51275
92979
4141
114785
10445
56890
4193
23389
9412
10988
4234
84190
25840
196410
8076
84975
25834
4256
4257
4284
100302274
100302201
100302289
100302136
100302182
100302221
100302220
406926
406933
442892
100302217
406973
406985
407016
100616400
442903
100500817
100500816
100500842
100500802
100500909
100500903
100500868
100500843
100616279
100422897
100422924
100422931
100616309
100616454
100616179
100616486
100616133
100616329
100616262
574449
100847004
100616215
693129
100500856
100847013
100847031
102464827
102465133
693198
693199
693200
693202
693203
693205
102465249
102466657
102466193
102465454
102466729
102465455
102465456
102465457
102465975
102465519
102466204
102466222
102465665
102465834
102466877
100126320
406891
400058
9761
8079
22877
326625
4326
4327
23041
283385
10198
28977
51258
60488
729633
4440
253827
283463
118430
4598
4604
4617
4618
4633
4637
140465
4640
283446
80018
4665
79035
4666
79923
360030
4673
89795
9918
3071
57701
9612
55967
56901
4704
25977
121441
4753
58158
4778
4801
4815
79050
4839
4842
8620
9971
7181
3164
83714
51559
4908
59277
4922
9891
11163
170688
57122
79023
11247
4938
4939
4940
8638
79676
4973
121364
121275
121130
121129
390321
341416
254786
341418
283365
403282
403284
390327
254783
390323
390326
341568
441639
84876
29095
10956
114882
283310
341350
101055625
22953
5025
5027
5036
5053
9924
57097
55010
5074
5094
102157401
91523
100233209
5153
5139
5149
29951
5037
5830
5204
5213
100132594
192111
11331
1911
22822
196500
5288
79837
57605
9271
5318
5319
79887
196463
89869
54477
51054
55200
440107
10154
5367
6490
282809
100528030
5426
55703
51367
642559
5463
8499
8496
51535
57460
5501
4659
5502
160760
5542
653247
5544
5545
11108
5554
100533464
5555
144165
5557
5564
5571
56341
25766
5630
54458
11272
5715
10728
5744
5763
5781
5777
5787
5800
374462
5801
80324
83448
11137
5827
5829
100506649
79912
5858
22864
23011
11021
117177
5869
29127
83956
10635
5893
144715
5901
5908
10411
5916
8437
283349
11228
100506451
9182
9904
5939
83758
8608
5959
5965
387849
85004
100873980
79785
5985
5992
121268
83695
54509
55188
353116
196383
23504
57494
84934
196475
27289
9921
80196
10193
84900
100873754
100873778
6090
79657
22895
387841
283345
6171
6128
6175
6231
204010
65117
84324
9733
55206
9169
949
692148
677780
677777
6334
6337
55681
121214
10993
113675
6404
29843
23067
6433
10019
6472
23409
728622
4891
121260
729025
9194
246213
5250
65012
114134
144195
6515
55508
81539
54407
55089
283375
84102
55652
9498
160728
6539
6540
55117
80024
121456
6579
10599
28234
338821
53919
57228
6601
6602
341346
440087
23583
677793
677794
677829
677832
100379132
26789
692090
11066
6636
8435
8835
144481
6660
6667
121340
65244
121599
121665
84926
283377
84727
57522
84530
8683
54434
8082
6489
55576
246329
6773
6778
23012
11171
2054
55359
64426
6821
55530
50511
6857
341359
6866
51347
55080
6895
50839
50838
50840
259294
259295
259293
259290
353164
259289
259292
259296
50837
50836
50835
64786
23329
29110
6926
6910
255480
84260
255394
79600
79867
6996
7004
54997
9840
7024
83591
102659353
8914
51768
51643
7009
57458
10959
79022
89894
84216
338773
144404
114795
92293
121256
55266
440104
387890
120939
7112
100128191
283471
83857
160335
160418
7132
53373
121278
7167
10906
29953
283392
51499
10024
59341
10102
441631
144448
6302
7103
10867
7846
10376
84790
7289
5756
7296
7316
7334
89910
23074
8408
84747
7374
9958
84749
100131733
84101
8078
27340
6843
7421
55591
51699
65082
79720
54621
7450
51729
144406
11197
65125
7471
7480
81029
55884
9671
11260
10138
51067
8531
8089
9880
84872
55596
85437
23390
196441
7556
7699
7574
10795
171017
25946
100289635
121274
144348
440077
283337
7637
101060200
