150000
9619
9510
11096
104
56894
326
391267
149992
351
10317
25825
571
100874322
574
85319
85318
85317
85316
54014
100874093
10950
54058
56245
54149
246312
25966
873
874
100506428
875
10694
8208
140578
54075
23562
26285
9073
54102
80781
378832
100874236
1291
1292
1409
9946
1476
1525
116159
266917
23181
100862692
54943
29947
29980
1826
100506492
100874326
259234
10281
84677
257203
1859
2078
2114
59271
85395
54097
10841
2551
2618
2897
642976
100379661
3141
3150
11077
6782
30811
23308
3454
3455
3460
150084
3588
3689
100505746
6453
58494
3753
9992
3772
3763
386677
353333
386678
386685
386679
386682
386672
386680
386674
386675
386681
386676
337880
353332
353323
386683
386684
140258
337959
337960
284827
254950
337882
337969
337970
337971
337972
337973
337974
728299
337975
337976
337985
100151643
337977
337978
100288323
337979
100288287
337963
643803
100131902
388818
643812
337966
337967
337968
337878
337879
150082
54090
54089
54088
400866
54072
100551499
54064
118421
727699
193629
266919
54143
114036
114038
246705
388830
378828
284836
387486
100126693
284835
150135
282566
100506334
101930746
149998
100506403
101928269
101928398
101928796
388813
81543
4047
26046
56911
8888
114044
406912
406947
114614
100423018
100423023
100422891
100616243
100616148
100846993
102464825
102465248
102466972
102465488
102465489
768219
407055
406885
54069
23515
56246
54148
64968
4599
4600
29104
4685
4731
8204
116448
10215
94104
100506215
54039
5116
5121
5152
8566
5211
51227
5316
191585
23275
317754
63977
3275
8624
754
5822
54033
1827
54101
53820
100873771
8568
23076
89765
861
80215
10069
6285
64092
100874190
57466
54093
6450
150094
6493
6573
54020
6526
6647
6651
84221
728039
6612
8867
140290
100132288
7031
7032
7033
7074
757
5651
7113
64699
7179
7109
7226
101928607
54084
54082
7267
7307
53347
7327
89766
9875
10600
29761
10785
7485
54059
49854
150142
