19
20
51104
25
28
340485
48
10881
10880
11093
92949
9719
10555
23287
83543
203
50808
158067
11217
80709
210
216
219
229
85365
259
29882
23452
253650
441459
138649
84210
441430
441425
728747
203286
10541
301
304
320
54840
360
364
375719
441432
84904
138715
81873
92714
140459
54829
445
23245
9550
158381
549
2683
570
573
100885775
56751
56033
23299
54796
8019
1620
54836
727
733
414318
138162
445577
138724
138255
401563
401546
389766
79095
158055
401535
84688
55071
257169
286223
375759
138240
157927
84267
203228
51759
138241
100129385
768
79886
11094
774
157922
64170
55871
445571
220869
644019
203260
203238
100499483
84960
100131193
881
6363
6366
10850
29126
971
8555
246184
55664
23552
55755
1025
1029
1030
100048912
1056
1057
401541
84131
9350
51148
51510
25792
1164
9022
1211
1271
415056
54875
79937
728577
11064
1306
85301
1289
51117
7464
1384
286204
10488
8727
1514
392360
1518
1515
1539
153090
1612
1621
138948
79269
25853
11258
100287596
64794
23586
50514
57706
55667
54769
26102
1761
10655
58524
63951
27019
3301
25822
548645
552891
728489
1759
81704
22845
57171
92715
8818
29952
1842
8721
51162
79813
1993
2021
2022
375704
954
377841
54566
54586
375748
79956
23071
54932
23404
51010
399665
23196
158293
116224
654835
100132403
642968
401565
730112
9413
158228
259308
80256
203259
392307
286333
100128385
100133121
100132948
100289124
100131997
401507
728495
401508
286336
100133036
100289137
2176
2189
2203
8789
26267
26190
54461
2219
2220
89846
84929
23307
2218
23048
54914
442425
2298
286380
349334
653427
653404
2304
2356
158326
257019
22844
23732
83856
8939
2529
2395
9568
10912
79695
2592
26130
84253
2619
57704
26301
2650
9615
8328
2681
80318
2731
2733
389741
152007
169792
84850
360203
9630
2776
10020
2790
2800
2801
51280
57720
2844
26086
9380
2902
116443
2934
57000
9329
9328
22927
54801
81932
55363
84681
3190
646962
3293
84263
3309
3376
414328
389792
3439
3446
3447
3448
3449
3451
3440
3452
3453
3441
3442
3443
3444
3445
3456
338376
56832
3467
80173
347252
3590
90865
58493
56623
3641
11172
27130
64768
81689
100129669
3717
23189
57582
169522
23081
158405
158358
113220
347240
55582
9314
687
55958
10319
3933
414332
286256
389812
3934
158062
138307
392399
401562
9355
8022
26468
158035
100188953
58483
158314
100128782
100113404
414319
92973
100506190
643648
158038
4010
100128076
100128361
100128593
100129034
100129316
100132781
100133920
100272217
100506100
100506422
100507346
101448202
101928523
101928775
158434
286359
389705
389765
392364
401557
440173
441455
494127
1902
64922
389816
652972
56262
90678
286343
256691
100507244
158056
11253
79109
6837
9442
1955
9833
406894
406913
406939
406954
100379345
406956
406978
406987
100313780
407011
407012
407019
100422910
100422842
407035
100422990
100422869
100422936
100422893
554202
407036
100500811
100500918
100500846
100500906
100616333
100616131
100616344
100616460
100616212
100500821
100500902
100500872
100616250
100423015
100422963
100422927
100422860
100616229
100616441
100616289
100616456
100616312
100616480
100616278
619556
100616288
100616214
100616114
100616236
100616351
100616429
100616242
100616301
574444
100313841
693185
81571
693186
693187
102466518
102466967
102465431
102465512
102465513
102466201
102465514
102466750
102465515
102465528
407043
102466223
102465688
102465800
102465995
100126316
100126310
406881
406886
406888
2315
4300
79817
254956
8777
64975
54534
51116
92399
91283
100526694
692094
4507
4593
89853
60560
138151
203245
100996569
54187
4686
23413
27158
4702
4712
10783
25920
4781
4783
4799
4814
25934
55335
54981
65083
55035
4851
10811
56654
4882
8013
2516
2649
441478
641373
26012
28989
84628
4915
318
23511
8021
54754
441457
158046
29991
29989
4957
4969
10439
169611
4958
392376
138803
138804
138799
138802
286362
286365
138805
392309
347169
347168
26740
26219
392392
26737
26735
254973
392390
138881
138883
138882
158131
26248
56656
392391
5004
5005
26578
5047
114299
445815
5069
493913
5079
5090
50652
5125
80380
5082
5239
572558
595135
26147
5253
29085
254295
84720
8395
138429
29941
9373
55848
123
23203
375775
54107
64425
10585
9858
100506599
5535
5537
59335
5568
9128
84726
51450
5646
158471
29968
11168
5695
5711
375743
9991
5727
11191
101243555
5730
442421
9536
80142
389791
22949
5742
138639
5774
5789
138428
347148
169714
51552
10244
23637
55684
5887
5900
9649
26953
2889
158158
92400
54542
10171
8434
57109
55312
5991
9827
5998
6013
6019
80010
6023
138065
56254
727800
643596
152006
100151684
4920
6096
6136
11224
6130
138716
6194
653162
10670
9853
6256
1903
89958
1757
286205
677776
9919
10952
79048
10507
6418
23064
10044
6456
56904
6461
53358
10280
27240
6505
25769
114789
92014
10999
64078
11182
29988
1317
1318
142680
11046
23446
57864
6595
10592
23137
100507299
55234
6619
6621
84973
26783
100124538
100124534
100113379
101340252
26820
26815
26814
26813
26786
692093
692206
401548
402381
26206
647060
727830
727905
389730
26165
441452
645961
389763
389762
389761
347127
286234
55064
10927
27290
6709
10558
8636
27090
30815
2040
30968
55342
55014
6812
441394
6834
6835
6836
6838
64420
203328
79987
375757
6850
138474
6887
54662
55357
23424
7010
7016
54881
7046
9414
7088
7091
7094
7099
117531
8577
85014
94107
100505993
401498
23731
84302
169693
55151
51754
7111
3371
9966
944
401505
10210
1861
27348
27433
54863
89882
7169
286262
7185
7186
9830
22954
158234
80036
140803
26995
7248
158427
158248
158219
7270
158135
10383
643224
286319
7295
255220
7306
91373
10422
51271
55833
54926
29979
83549
7357
115426
10497
100129066
81605
10868
7410
7415
7436
401491
23230
100286938
114987
89891
401551
11091
65268
7507
57684
403341
23099
9925
10773
84186
84885
340481
10444
7763
7539
116225
169841
7743
195828
58499
158399
83744
22869
114991
26149
401509
158431
7633
169834
