171586
10449
116
22850
10939
115701
23253
440482
147463
374860
342850
147495
361
147429
79822
80816
5205
374868
9331
596
284257
83608
147339
497661
162681
497259
644041
91768
26256
147381
645158
147372
79839
374864
80323
10666
28513
1000
28316
1005
56853
55125
79959
1068
57132
83539
1149
27098
84735
55748
81035
339302
64693
9150
9811
440224
30827
1528
284233
1630
9229
649446
201477
101410534
284215
220164
1823
1824
1825
92126
1828
1829
1830
147409
1837
54808
284254
55520
55250
84034
55556
23136
57724
114799
125228
201456
2235
80206
2589
2587
2627
100128893
2774
80000
2922
220158
115106
84064
284293
59340
440498
51124
3613
55364
125476
83473
641516
26251
284252
2531
57536
57565
91133
284217
3909
753
100288122
100885779
221241
56651
147525
339290
400643
284260
284276
400657
101927715
9388
3998
101927322
339298
400655
644669
727896
125336
9663
339291
10892
5596
10982
4152
8932
4155
4158
4160
4161
4200
4225
64863
51320
57534
406905
406906
406922
102723167
100302257
406963
100302131
100422907
100302135
100302195
100616357
100616257
100616244
100422840
100422857
100422829
100422865
100616130
100616290
100616139
100616366
100616420
100847002
100847080
100847025
100846997
102465430
102465690
102466874
102466878
55034
65258
83876
10627
103910
4645
8736
8774
4677
10403
4729
23327
81832
4772
8715
4864
390858
9480
114876
84552
100130522
728606
23239
9063
63895
23556
5289
5366
11201
388468
9989
80148
143471
56984
9050
5771
5797
201475
5874
11031
10928
30062
5932
79863
100506070
8780
6014
54941
51444
220441
494470
8731
6093
727758
6139
100526842
55197
25914
27164
677769
90701
81929
5273
89778
89777
5275
5055
6317
6318
5268
8710
5271
26040
284266
220134
652991
6563
8170
147407
646000
25800
4087
4089
4092
23347
284274
677819
26791
26790
100124516
6632
9306
56907
6760
51046
29906
147323
6860
6875
6925
7050
9984
29090
645369
85019
54495
8792
25941
22878
10194
125488
7276
84617
57045
84203
9352
10907
7298
9097
9218
9525
441818
23335
7525
284273
7541
201501
54877
7776
7572
252884
84307
55628
9658
162655
25925
55205
100101467
