29974
1244
10006
3983
36
91452
414149
51703
59
10121
399746
8038
101
140766
105
642394
120
100505933
10974
132
84890
150
153
84632
119385
119016
729092
414189
642517
84883
1645
1646
8644
1109
389932
83592
5832
240
119504
288
27063
54522
26287
118932
22852
91074
338579
195977
100996567
311
305
310
653145
728113
26985
54518
94134
84986
100533184
57584
58504
84159
403
221079
219681
55130
387715
57412
56624
653308
79754
51008
84896
11101
220202
26033
60370
9531
25805
92482
56647
650623
222389
80114
29760
282991
648
657
9790
399761
642826
729096
664
9044
118663
8945
9184
414152
387638
399814
283080
220979
282966
414236
414157
256815
118461
100506769
143379
80007
118611
170393
79946
387695
389941
783
143384
255022
51063
119395
810
51806
50632
57118
818
255082
840
387707
55749
374355
83643
8030
79741
54619
219771
414194
54462
8872
64072
92211
983
441549
10659
439950
55165
142913
9023
1103
118487
51363
9469
1147
55847
119467
26507
54805
1305
1308
23412
100532731
118881
1355
22849
1369
119587
1390
55118
55454
23283
119437
1488
29119
1517
8029
79004
8453
51076
50624
55280
6387
1586
1592
340665
1562
1557
1558
1559
1571
9937
64421
54541
9188
79009
55526
55760
22982
22943
9231
100128292
1755
375940
1763
54788
64215
56521
23234
414245
23268
100188954
1791
1793
25911
10570
644168
338599
51207
1847
653543
143241
84332
253738
340900
11319
79746
1892
26098
1959
8661
1979
143244
83401
2018
196047
219670
387712
953
728558
57089
80314
2074
10613
54536
51013
83641
728640
220965
317662
57700
170370
100506733
221061
63877
118670
196792
100533195
643161
644054
100133093
404636
9679
92565
101410540
355
100302740
79176
6468
338557
2253
143282
2263
283011
399823
118924
10023
23401
441581
55691
143162
282969
170384
53828
8325
2572
2625
399717
8729
2662
2658
2665
2674
27069
219770
10539
2746
2749
401647
2805
57678
57512
100128811
2849
9721
2894
100507470
2869
9446
119391
23560
390003
55506
3026
143279
3070
26091
3087
55662
3098
80201
3167
340784
728643
10151
3185
3189
112817
3257
79803
60495
158160
259217
51182
3363
5654
3416
3422
91734
55853
3434
439996
3433
3437
24138
64376
3601
3559
9118
3632
22876
253430
8516
3688
3698
80760
85450
282973
221037
84989
23522
81621
30819
100289509
338567
3778
56243
3832
9585
3799
22944
1316
100144748
85442
23185
10660
399806
84458
8861
11155
9211
64077
399706
100874184
414243
101101772
414260
282980
399708
100652988
100507059
338588
100652997
100507127
100507143
100507163
254312
101929052
100507605
100505583
84856
100506835
283033
643650
100507008
100507058
100132987
439990
170425
643529
100505561
100506126
101929520
399744
399827
399829
3988
8513
142910
643414
340654
643418
100129055
100130992
100499489
102031319
283045
399815
441666
642361
84171
26103
340745
474354
55222
80313
387646
347731
84569
119180
84445
340895
1326
5599
54708
220972
100507674
83742
84930
4143
8512
4153
55388
79892
90550
644890
4255
10367
9562
406901
100302116
100302133
100302150
100302174
574447
100302129
574448
101927671
100302224
100422989
100628560
100422988
100422892
100422900
100423033
442911
100500893
100422867
100500834
100500866
100500911
100422895
100422909
100423041
100422873
100616151
100616162
100616327
100616383
100616286
100616296
100616128
100616192
100616113
100616398
100616322
100616500
100616482
100847014
100847083
100847088
100847017
100847064
100847086
693188
693189
693190
102465944
102464829
693193
693194
102466189
102465427
102465689
102466227
102465880
100126326
100126327
4288
283078
8028
118856
79812
64210
118812
143098
4360
84545
51021
4477
22921
118490
92170
55149
100463289
100288485
4601
53904
26509
58529
84665
340719
8031
8509
4714
10529
100128511
10276
9148
50674
4791
374354
390010
159296
84504
9397
64318
4838
9221
64106
10360
594857
5540
4892
29982
10718
8829
54780
221078
22978
25961
11164
119369
728118
728190
729262
728130
4942
55753
170392
55301
93377
94233
10133
79290
220213
5033
27143
53354
196743
9060
56288
100505601
8505
5076
64081
102578074
5092
65217
84333
84108
22984
27250
282997
5146
9124
23590
79955
118987
5209
5214
5223
267004
5264
84457
55361
118788
5305
266971
10531
100507034
5309
9033
84647
219348
5328
51196
100128054
59338
79949
84898
5406
5407
5408
119548
27343
11128
5464
100192204
10105
5507
55844
5532
23082
118471
10935
5551
5588
439949
5592
100506939
2834
254427
219731
8559
414235
56952
5660
5662
118672
374308
387647
5728
9317
256297
5791
170394
84795
27291
22841
22931
221002
83937
84991
282996
5949
5950
221035
5979
5995
6001
9886
55328
100873762
729020
644511
10556
10557
6229
23223
6251
100133308
219790
55680
142891
56681
619207
6319
11196
9632
25956
55176
57715
22929
57713
119392
6425
207107
653509
729238
6441
118980
81855
119559
259230
8879
387694
9644
100505839
8036
23411
387640
387700
220963
6571
6572
8034
81894
55315
159371
221074
6585
9748
9126
10285
6623
677800
641451
692211
10580
114815
22986
100505890
9576
9806
503542
399833
5552
338596
100128098
8027
102723166
57559
282974
219736
51684
6832
79723
6840
93426
79933
83849
10579
6865
83860
6877
219793
23232
256536
6934
26123
56165
6975
80312
387718
100169752
7019
79896
7073
100287932
7093
3195
100038246
56889
653567
80195
219347
219623
643236
220980
80351
100507633
1787
81603
142940
81619
23555
79861
347688
10844
219743
7321
80019
221044
114131
219699
728978
26019
7390
159195
9712
8433
11023
7414
7417
27287
7431
100507347
9559
196740
143187
340706
51322
220906
54838
57705
55717
283089
22884
7479
7511
10730
219654
84287
64429
6935
220930
93550
118813
57178
283050
10771
7570
8187
57209
219749
7580
414197
414208
414201
7581
7582
100419868
22891
7587
100129482
220929
220992
642819
118738
84858
253264
100131213
118472
9849
54764
23053
100507331
11130
