25980
26090
140701
10005
84532
55902
170487
79913
100
80332
149685
23394
146
11047
191
51378
63926
55317
164284
57136
55738
10564
10139
343578
434
171023
10079
8455
6790
551
9334
140836
8537
55653
598
631
128408
79444
10904
650
655
671
51297
140683
128861
317716
92747
80341
359710
149954
128859
22903
128653
128864
140873
25943
284756
400831
284805
54976
100128496
128602
140680
81928
101929244
57091
9139
140689
140706
958
22918
994
64405
60437
1002
51654
8760
1051
1059
11190
84181
1114
128866
1137
140894
57642
1299
149951
84701
8904
56265
54675
51340
1434
1457
1469
140880
164380
1470
1471
1472
1473
8530
10047
128822
128821
1477
128817
140690
56259
5476
1522
1591
55861
65992
55661
245929
245930
117285
245932
245934
245935
245936
245937
245938
81623
140850
245939
140881
400830
60625
11083
22839
80331
1789
116092
55816
100132911
8813
79980
11034
92675
128853
83658
55184
1869
57593
55741
1908
1917
8894
3692
63916
90187
955
2036
57119
100526773
51614
51575
2139
83541
284800
728882
200232
388799
116151
63939
128876
140846
81610
60493
55612
128486
2280
100528031
100192386
23767
3170
2307
140628
140687
78997
8200
64096
2686
92086
2691
54994
9837
26205
2778
149775
2797
56261
2937
149699
64412
54363
768096
768097
3055
85441
81502
100874042
128872
3172
101927219
11255
116835
3397
3420
51098
3642
140862
100505536
83737
3704
182
57158
3745
3755
60598
3785
3787
85449
55614
9371
26013
3911
24141
3929
54923
140875
100144596
140828
140849
100861522
284749
29075
149837
200261
100507629
100652730
440757
100144597
198437
100131496
100134868
100289473
100506384
101926889
101926935
101927159
101928048
102606466
149684
339593
388780
643406
64900
164312
149986
9762
140733
100379174
140848
9935
63905
84557
22919
8785
57506
4159
84515
92667
406904
406896
100302282
406909
100302168
100302138
406923
100302137
407022
100126296
100422875
100422904
100422889
100423014
100500814
100500813
100422883
100422945
100616362
100616434
100616225
100616340
574501
100616134
693229
693230
693232
724033
102465487
102466741
102465524
102465525
102466912
102465865
100126329
100126339
100126352
100126330
8195
7686
140678
10893
4318
27304
55257
140699
64949
26164
100462983
4605
57644
10398
85366
4661
51126
140838
63908
8202
57727
23054
149934
57446
79133
63941
51497
140825
4773
9054
22981
128414
4821
644524
4826
10528
2832
79716
80023
55968
4923
29107
128506
11054
101409261
4987
9885
51526
56914
58495
5020
80336
80025
84612
5075
64773
63935
5105
55251
5111
100302739
5126
81572
5173
100303755
5203
116154
51230
5266
51604
128869
11142
5326
23236
5332
5335
5360
56937
23509
10621
79144
26051
5509
55370
57580
23627
5621
149830
10544
128674
24148
5688
9491
5740
5753
5770
5786
11122
11264
5834
140902
57403
642636
8480
57186
57148
22913
9770
140893
10741
10616
5933
10137
55544
9584
11317
28954
10287
140730
54453
55905
11237
140823
6185
58490
6227
6238
343637
51750
100533107
57167
140700
25939
51282
140856
85508
6385
27111
100507495
10483
80343
6406
6407
10955
10110
6614
140885
10326
284759
128646
55423
84174
57468
64849
63910
9962
57419
81031
56731
140679
51006
83959
113278
23315
28231
100533975
6590
128710
54498
6615
6616
100131208
128439
388796
677831
677837
26777
26776
677839
677840
692213
100113378
692057
100113393
26765
692086
26793
26792
692201
9751
6628
6629
6640
90203
27131
140710
6666
54345
6676
9825
128497
25876
10816
391253
23626
55304
6714
6725
6431
140809
26039
6754
6780
140901
6789
100505826
50861
8675
100534593
55959
391257
140732
10388
79953
90196
767557
6874
55617
128637
6919
6939
10732
7022
60436
7052
7053
343641
7056
140711
9777
117532
387521
387522
29058
100288797
55321
56255
8771
7125
10953
7150
84969
58476
112858
27296
7165
22974
100887755
57761
51605
26133
128553
128854
9675
164395
79183
81027
11065
7335
22888
100134015
54963
100113386
55245
9217
64601
128434
30813
140832
280664
259239
128488
164237
10406
140686
149708
140870
90199
259240
343702
22803
54915
7529
81030
140685
85364
441951
55734
84619
23051
23613
7692
7764
55713
63925
26152
84905
79175
57473
100130934
128611
57169
90204
140831
