28971
60496
6833
64137
25841
27034
38
84680
390110
55331
53
56
89
91703
170689
11095
133
79841
79026
9049
56672
221
222
285407
79053
79796
221120
100507300
91801
60529
55626
154810
272
25906
253935
255239
338692
338699
54851
55107
63982
203859
338440
161
91056
322
8539
51074
187
334
335
337
116519
345
282679
116985
372
84364
23647
392
57569
9743
143872
23365
9828
120534
402
100528018
406
408
417
116969
430
56676
80150
9776
89849
23130
25923
472
27087
26229
192134
338707
23621
100379571
572
8815
8538
116071
8424
582
283149
83875
627
497258
7439
51272
329
330
414899
25855
9024
26580
390259
84280
643376
54766
84811
64776
56673
29125
53838
143501
160298
283171
219833
79096
91894
341032
28970
10944
160140
83638
54494
119710
79703
254439
399947
399949
100131378
143678
65998
387763
114900
114902
9854
26005
51475
57010
23705
796
797
100130460
823
726
4076
114769
440068
59082
57571
833
834
100506742
837
838
847
117144
867
80071
283152
100500938
91057
493860
60494
79780
220047
338657
11007
79080
55231
283234
220388
60492
887
595
9973
977
57124
915
916
917
960
921
966
923
975
101927682
3732
55561
10435
113130
53841
10263
1028
50937
10658
51286
22897
9702
1072
1111
66005
1119
26973
25884
1128
1132
57053
8534
9793
23529
644672
79827
1207
10978
81570
1262
254263
1270
53942
51287
399948
120376
29099
1315
57175
1351
79869
1374
90993
58487
56253
1408
1410
283106
8048
1474
1479
1500
9646
1075
1509
8722
1521
2017
8065
51503
143884
643
220002
51700
120227
747
120237
341019
8642
28960
84259
1642
1643
414301
1662
29118
1656
10522
245911
23258
91614
84649
8525
1717
101929222
85458
26070
374387
27122
1737
1740
374407
120526
3338
144132
390213
1798
5977
10072
10589
1813
1815
57453
23220
1850
79659
79733
8726
1937
30008
254102
10938
26298
9538
84285
8665
10480
1982
2001
55531
26610
256364
23052
64787
90952
2101
2113
23086
2132
2147
8772
3992
9415
3995
63901
374393
79607
84067
23201
399888
220382
143684
55199
645332
23625
387742
100132464
2188
84188
120114
2197
26273
9873
2230
91893
2237
83706
9638
9965
2248
2249
387758
9158
24147
2286
2313
399923
23769
23360
2346
219595
2348
2350
2352
8061
283150
55572
83786
2488
2495
2526
486
53826
100533181
8322
9846
51083
89792
374378
23193
2620
220032
81544
89944
112937
10249
92292
219970
2785
170589
56834
390212
10888
57476
2893
2900
2915
100873989
2950
2965
2977
390226
387751
283120
3014
283254
3043
3044
3045
100187828
3046
3047
3048
220296
341208
641654
25988
10114
3145
399881
221092
100534595
11234
3263
3265
51144
3312
3316
100528019
10553
3359
9177
219844
10525
8519
402778
10581
10410
387733
56912
3481
51214
3508
283284
22997
3587
3606
10068
3611
196294
3619
3636
3630
723961
387755
92105
80789
10527
3665
83700
8690
100874053
10524
143879
55709
3739
3746
10008
3758
3767
3762
50801
10089
3784
55539
10984
65987
283219
100289388
22992
55693
390245
25758
81930
84623
100874251
283165
64837
283212
4297
283102
387264
387273
440051
440021
387266
387267
439915
440023
440050
57830
3846
338651
55004
143903
3939
160287
3948
143458
85329
55366
55327
440072
283267
283197
101410541
283143
100506305
100133161
387787
4004
4005
100126784
100128494
100129203
100130987
100131626
100133315
100506082
100506258
100507205
100507384
100652768
100996455
101929295
143666
283177
283214
341056
440040
441601
494141
644656
646813
9404
78999
4038
100507401
4041
390205
2615
57689
219527
115399
221091
220074
4046
4054
338645
10894
28992
8567
378938
84441
4296
5871
4135
9479
2011
4162
4192
10873
9440
219541
4221
196074
83552
9645
84953
406892
399959
100302280
406911
100422991
406918
100302240
406919
100616437
406931
100302263
406967
406970
406992
100506211
100422827
100422825
100422880
100422953
100422918
442900
407041
407042
100500804
100500844
100500917
100847041
100500823
100616311
100423021
100423026
100422823
100422855
100616263
100616118
100616470
100616284
100616186
100616330
100616376
100616319
100616126
100616453
100616368
100616292
100616403
100616410
100616457
100616426
100616402
100616119
283174
619552
100313770
100847000
100847020
100847015
100847066
102464826
102466104
693195
693196
693197
102466906
102465135
102465250
102465257
100313777
102466719
102465445
102466725
102466726
102465446
102465447
102465448
102466727
100033819
102466192
102465449
102465450
102465451
102466728
102465452
102465453
102465518
102466756
100126333
102465669
102465691
102466815
102466873
102465860
102466876
102465870
102465881
406882
4312
4319
4321
4322
9313
56547
64066
4314
4316
4317
81532
80168
219972
744
10205
196264
116512
116534
116535
386746
283303
259249
117194
117195
117196
65003
54948
63875
219927
6150
100133545
51642
740
10335
100129827
931
341116
54860
503497
84689
219995
2206
932
51338
64232
64231
245802
58475
83661
79684
84437
9219
23788
8898
4544
100463486
143662
4583
727897
4588
80198
4607
26579
4647
4654
745
79829
10003
10004
55191
4676
79731
55226
89797
399876
100874012
4684
100288346
23310
374383
4718
100532726
4722
4728
4723
283131
4745
10825
4798
338322
338323
171389
79671
4837
50507
266743
4863
10062
4900
56675
9379
50863
100874281
4925
84304
254552
4926
23279
4928
10482
120400
120406
54827
220323
113746
283298
4975
219990
4978
341276
26496
283297
144124
390093
282770
390264
390265
219869
219870
219960
219873
390201
81343
81341
219959
219958
144125
338755
341152
120776
120775
81328
81327
403253
81318
119765
219429
283093
283092
81309
219428
256144
403257
119749
219432
390197
219986
219875
219983
390199
81300
256148
219431
390113
119764
401667
401666
119687
79345
79339
282763
390058
390038
143503
81285
256892
119694
79324
81282
390063
390064
119682
390059
390061
119692
401665
283111
23538
390054
255725
143496
340980
390066
119678
390081
390078
390079
390067
390037
143502
119679
390036
119774
338751
119772
79473
390077
390072
390075
119695
120787
120796
390083
120793
390084
387748
196335
219982
219981
390181
219525
390195
338675
219493
219447
390191
219965
390190
219968
441608
390142
219436
390144
219438
26343
338674
10798
282775
219437
26338
390168
390167
219487
219482
219484
390162
120065
120066
219479
390155
219464
390154
390148
8590
390261
219952
219874
390260
10821
10819
8587
219445
390275
219858
26595
390271
283162
26493
283159
283160
338662
26494
219865
219469
390151
390152
120586
219477
81168
390157
219473
219453
219417
504189
390174
283189
504191
219954
219956
219957
5007
114879
340990
55611
341277
5017
101927828
5024
5029
5031
283208
80227
55690
29763
5049
5058
25891
24145
116337
55742
160065
399967
100169851
399968
219988
5080
5091
51585
9159
5138
5140
80310
8050
79849
246330
9409
643834
643847
5222
27315
283209
5241
51317
7262
23187
401
57661
8301
120379
5286
9600
143689
63876
11187
5331
144100
58473
349633
57104
23649
10714
57804
5436
5441
5450
25833
8500
8495
51400
5499
26472
220004
5519
5526
55291
5547
56980
56981
25824
5553
10394
10196
27339
79899
79056
11098
5682
5702
5719
81490
11251
5741
114971
84867
5790
5795
5805
83480
5837
79832
81876
27314
23682
54734
5866
5870
5883
5896
5897
5913
10235
644943
8045
10432
100526737
5936
83759
10179
27288
9986
5954
283248
5962
5970
84957
25996
29984
391
79608
60626
9610
84153
55298
50862
254225
257160
79102
6050
64221
54538
6094
649946
6157
113157
6181
6207
6230
6188
8986
6199
84881
22800
6240
23378
51773
10313
349667
6288
6289
100528017
6290
6291
113174
29901
9092
81846
283104
6309
619383
7356
147199
10648
10647
404552
4246
4250
6327
55800
6330
6343
57758
57410
54949
6392
729799
100507392
26297
710
871
143686
7536
10992
22941
100874198
220070
54414
51092
59307
23235
23387
6494
23410
51296
57084
6506
387775
55867
116085
5002
5003
283238
387601
9356
9376
114571
79751
283130
3177
55343
54733
120103
219855
2542
91252
6520
8501
29015
159963
9152
11309
6588
56935
6609
219537
23642
677792
677805
677808
684959
692063
677822
619565
677833
692158
100379250
654320
6079
114599
9304
9303
9302
9301
9300
9297
9299
9298
692072
692075
692108
692223
29907
399979
254122
6653
55553
53340
219938
9789
387778
6688
10418
6712
144108
10929
54961
6749
254100
6768
6484
6764
10809
6786
10963
65975
3703
6809
6811
258010
23075
91683
57586
9066
90019
143425
54843
84447
6881
79101
10629
6876
6888
374403
219899
84897
347853
10312
6947
55346
7003
7007
26011
56158
7054
7069
7070
29087
220359
26519
26515
26521
114609
7108
79073
114908
84233
55863
54972
80194
65084
219902
51524
256472
374395
51259
219854
79064
338661
84866
746
100130348
440026
120224
283232
144110
56674
493900
84000
56649
80975
51075
100528016
85456
7136
7140
54472
255512
63970
9537
100507050
219931
7166
1200
7189
51399
11181
6737
10346
23650
10612
53840
54765
79097
57093
283116
642612
399939
85363
84767
440041
642569
117854
445372
120146
642446
646754
9866
55128
390231
51504
7221
7225
29850
83707
7251
254187
25987
90139
10077
7106
10078
54970
55761
143941
283237
7275
64852
7299
84959
9246
9354
50613
143630
642623
51035
7351
7352
55293
81622
7379
10083
9099
100499227
57646
57558
55031
7405
7423
55823
112936
55048
738
23584
387804
4013
220001
54663
7465
7481
7490
51352
100288077
143570
10413
10897
219539
58486
729013
7704
79842
29068
85463
54503
254359
25921
80829
386607
7542
7702
7748
7753
7761
7762
79797
100131539
741
22917
9183
