441376
137735
8749
2515
10863
203102
1587
255926
8756
8754
27299
203054
114
137872
148
155
27161
55326
284
285
286
157567
312
10947
23237
10565
80728
9639
55156
427
50807
29065
100507117
9070
444
29028
245972
526
528
51606
51582
79870
9530
27319
55909
80094
640
649
665
23246
286076
55290
286122
65265
116328
157657
56260
100533105
157773
606553
541565
203076
84933
414919
389649
389676
100127983
759
377677
760
761
767
793
727677
101805492
57805
100507056
101805488
100130274
55246
9134
100128627
157313
1015
1052
79145
55636
92421
91782
54108
1135
8973
1142
137075
2055
1191
157807
168975
54714
29883
7373
169044
10584
28991
10987
1345
57094
8895
10404
29894
1392
83690
55790
64478
114788
79848
115908
1508
1537
50626
1584
1585
1581
9420
25879
138009
81501
10671
23259
1666
1667
449493
724068
728358
1668
1669
1670
1671
449491
449492
1672
414325
55894
140596
503618
245908
504180
245909
503841
245910
503614
613211
613209
613210
1673
100289462
170949
100287083
22898
64798
79139
8694
27121
10395
9228
2039
85479
80005
9046
286148
1807
1808
79075
78986
1846
1875
9166
64641
1936
79645
23167
1960
3646
8667
1978
55140
9694
5168
9583
56943
2053
83481
90459
157697
11160
157570
54845
54512
2131
2137
2138
646486
2167
2171
646480
90362
51059
64760
83648
51571
100133172
100128890
100132923
100132103
84985
100131726
286077
100128338
85002
653333
286042
157693
441328
389633
729689
441317
157769
26233
157574
26260
114907
286151
2222
654463
439941
157376
8822
26281
2260
2267
441374
441369
2339
8928
100861412
84750
7976
8323
2626
54332
392255
2669
2675
8836
84296
2738
2765
2796
51125
137362
8733
338328
2843
2875
79977
2907
100652791
56169
79792
2936
2961
3037
594842
23462
138050
10086
79618
3174
84376
93668
55806
3297
203100
3620
169355
3551
3574
3612
54928
55174
55656
55756
56704
8629
7994
9920
9312
51305
3786
3788
157855
27012
54793
10656
23303
90990
7071
340359
51110
55353
23484
137994
203190
619434
83655
552859
497634
100874052
642924
100859921
26138
619351
157627
101409254
100130231
157381
349196
100505659
100507632
728724
101937451
101926978
100130298
100130964
100287015
100288748
100500773
100506990
100507156
101241902
101929217
101929528
254896
286083
389641
392196
392232
401463
649352
728024
729732
91694
4017
4023
29967
9684
441381
23639
100130742
85444
27257
8581
4061
4062
54742
23643
4067
66004
137797
10434
11178
100874051
84232
389692
84549
114569
225689
4147
619373
4173
157777
79648
90390
9258
113655
286097
100302185
100302161
100302170
100302175
100302281
100302196
406907
406908
100302166
100302260
100302225
407030
407033
100422876
100422964
100500907
100422992
407037
100500914
100500858
100500871
100616169
494332
100500870
100500838
100422828
100422903
100616115
100616484
100616451
100616268
100616348
100616372
100616350
100616245
100616260
100616318
102465696
100847051
100302186
100616190
100847001
100847058
100847091
100847056
693181
693182
693183
693184
724031
102465506
102465507
102465508
102466200
102466748
102465509
102465510
102465511
102466749
102465978
102465527
102466271
102465695
102466854
102466865
102465861
102467005
100126309
100126338
100126351
4325
4342
727957
389690
642475
28998
29088
28957
9242
4481
4482
27085
92140
9650
9108
66036
9788
57509
4603
4609
9172
9
10
4683
83988
10499
10397
137682
4715
64168
4747
4741
252969
79815
286183
137814
4824
157848
2831
10361
340371
3084
100856811
100874286
8439
286053
84955
79873
389643
729330
4956
26873
4986
441308
734
116039
51633
55074
26986
55824
84875
55872
100750225
5108
115294
5150
5157
64236
54704
157310
5179
5828
51105
9796
51050
54984
55124
93035
5569
5324
5327
5339
59339
79666
5375
10687
5368
5423
5440
661
84197
10940
340441
5462
84988
79660
286187
5516
5520
5533
63978
80243
5591
101867536
100131608
100133251
203074
8000
23362
85481
9791
5747
2185
11156
26255
22827
29942
5820
137902
203069
80223
5862
5885
644660
25788
138046
9821
389677
55472
11030
100128750
157506
9401
80346
100288527
8601
26166
23221
114822
78998
9699
8767
51115
79845
11236
101927612
81790
25897
100873782
6101
94137
644128
6156
6129
6132
6224
50484
23212
340419
862
401474
552860
100133234
157869
51435
286133
23513
83482
6383
6386
195814
442388
6422
6440
137868
23678
63898
81858
6503
347051
6570
6575
81034
51312
115111
169026
83650
23516
55630
57210
79581
157724
6542
81796
57152
100507341
114926
6591
641638
26775
26795
641648
6641
54212
64089
169166
10174
64321
83595
6674
653423
10407
375686
23514
6713
9705
6482
6770
27067
100128126
6781
6788
11075
81551
23213
55638
6867
6873
83940
93594
6917
100129654
157739
157695
7013
56154
7038
96764
55145
51337
84948
83877
286102
340393
169200
157378
91147
137695
54968
137835
157753
641384
8797
8795
8794
8793
4982
8658
4796
116447
9760
94241
7163
23471
83696
7201
10221
23087
84675
286144
55039
8989
7227
203062
85453
7264
80185
7274
7991
7336
55284
51366
137886
7993
137970
7381
377630
645836
645402
392197
392188
84294
80124
7419
157680
51160
137492
55093
7486
11059
114786
389610
286046
389668
23039
253943
101410533
7534
65986
51101
23144
51201
79752
57623
594840
79776
100192378
286128
23414
11244
22882
79698
7564
58500
90987
286101
286103
80778
55893
340385
137209
169270
9831
79943
7553
80139
619279
100132396
728957
100131980
51123
286075
