729522
22885
134526
23305
345651
8728
81792
170690
171019
9509
11174
108
147
154
134265
27125
55109
64902
57491
102157402
501
23600
728780
56172
54882
404734
57763
256006
651746
340120
79722
389289
309
8546
1176
10307
324
64411
23092
100874239
64283
389337
285598
644100
54622
57561
100129716
411
340075
153642
83734
9140
475
23120
92270
8992
11285
10409
55814
635
23743
662
91272
10902
65980
55299
689
10917
79908
153579
114898
114899
100534612
56951
55322
134553
90355
375444
153571
389336
133491
134121
285636
100190949
441108
133874
285679
401207
285668
100996485
729
730
735
815
814
819
821
133690
84674
9607
831
347732
646019
153733
202243
133957
100129792
26112
56477
891
900
902
645121
79616
10309
22948
929
4064
972
166979
8697
995
56990
1008
1010
1016
1004
1007
54825
1022
51265
91368
1036
1044
64946
64105
153241
55722
1070
1105
337876
1160
100131067
9685
57396
81037
1212
134147
202333
57472
9337
91522
10087
51397
1350
80315
10814
153222
1393
441089
1436
1437
1452
1456
101927862
101928649
101929081
101929215
101928033
101929176
101929472
101928857
1495
1501
613212
10283
9547
51523
26999
84418
1601
1611
1627
167227
51164
54514
51428
9879
55789
1719
54505
1729
27292
29958
1657
1767
202052
134218
373863
1794
79930
1809
1812
29102
285605
1843
1879
641700
10085
285588
1946
133584
100506475
100852408
1958
253314
8637
22936
79993
133418
8507
64097
114915
51752
64167
1161
57222
11082
2107
11336
2161
2149
2150
2151
2172
23197
10827
51306
167555
285596
202134
26049
340069
83989
345757
54540
51307
153745
153643
79072
2196
10826
345630
2201
64839
23194
81545
26272
23291
115548
89848
56929
2241
2246
2255
101927075
8817
2264
441072
643977
2324
408263
96459
2297
2299
10468
23105
94033
10146
2554
2559
2561
2566
2568
55568
202309
51301
2661
2668
100861519
25929
84340
9945
2676
2690
54826
2741
2745
2760
10007
64083
65056
285601
134391
114787
2878
493869
2890
2870
2916
134266
643226
2966
653238
728340
728411
653188
100049076
3001
3003
9555
9421
1404
3035
23438
26762
84868
1839
348980
8841
100859930
3074
192286
3094
3101
3156
3157
22993
57824
3161
10949
3182
3187
9456
3274
3295
3308
3313
8988
3350
3360
492311
3550
3593
3596
27190
3562
133396
3565
3567
3572
3575
3578
51194
101180901
10788
3659
345611
79192
153572
50805
3670
51015
3672
3673
3702
23338
9832
153469
133746
30820
3779
3781
57528
51780
285600
57179
10112
3796
11127
285643
26249
23367
51520
3937
116842
3950
10184
3977
100506495
645323
285708
100861468
102467077
729678
728342
255167
285577
340094
100652853
644873
100507267
404663
167410
10960
92255
4001
4012
100130744
100132356
100133050
100268168
100289230
100303749
100505658
100505841
100506406
100506639
100506688
100506858
100507387
100652758
100996385
101926905
101926960
101927023
101927190
101927488
101928445
101928505
101929154
101929645
102467080
102467081
102467216
102467217
102467226
102503427
102546229
102546294
102546299
153684
202181
257396
285593
441081
442132
642366
644936
648987
728554
728613
729080
731157
4015
79888
389257
100130733
26045
134353
729862
4056
100505994
90624
116068
9794
4124
4131
4214
5601
441061
115123
10299
153562
375449
27430
9782
153364
4163
64087
345643
79772
84246
9443
4208
101929423
84466
4238
4245
11282
153163
166968
406895
100302238
100302156
100302134
406935
406937
406938
407001
100313887
100422950
100422938
442908
100500824
100500820
100500825
100500905
100616498
100500831
100500865
100616297
100422966
100422999
100422874
100422887
100422962
100616234
100616381
100616235
100616142
100505738
100616325
554213
693123
100313923
100616175
100616202
100616479
100616326
100616271
100616342
100616377
100616152
100846991
100847068
102465854
100847019
693165
693166
693168
693170
102466103
102465138
102465141
102465246
102465498
102465499
102465862
102465882
100126343
407047
4338
133558
29093
64979
23107
10884
92259
4437
4488
54545
100462981
4552
345778
83463
4651
9499
91977
51237
23138
133686
4671
285622
100302746
80762
3340
4695
91942
4724
4726
54492
4762
55651
167359
348938
25836
85409
1482
57486
8382
56923
23530
100652772
51491
4869
4883
4888
7025
441094
2908
9315
100873948
9542
10412
64324
54888
134492
83594
9631
100506658
26693
285659
134083
9180
23440
5019
100874002
8974
100861518
10605
51247
5066
79646
79668
25859
84105
5097
51294
56147
56139
56138
56137
56136
56146
56145
56144
56143
56142
56141
56140
9752
56135
56134
29930
56126
56125
56124
56123
56122
56121
57717
84054
56133
56132
56131
26167
56130
56129
56128
56127
56114
56106
56105
26025
56113
56112
56111
56110
56109
56108
9708
56107
56104
56103
56102
8641
56101
56100
56099
56120
5098
56098
56097
5122
78991
10016
5144
5145
8622
5159
8572
9260
23037
53918
5201
345456
5229
51808
85007
5295
5307
9867
27039
153770
345557
153478
10769
5369
5370
134359
51426
10622
5459
134187
25845
133522
5480
23262
5515
5521
100874361
23398
93166
56979
27166
153768
5562
5618
389333
5626
51334
80758
340037
133619
84249
79810
5734
9232
5813
114825
53917
115827
9366
5810
5884
10111
26064
64901
202151
51735
5917
5921
255426
5924
55696
54439
51308
7905
285613
317671
285704
503569
10636
401190
22836
253260
55781
64777
55819
379013
9604
153830
285671
22838
26830
26829
83853
100505845
51121
6167
6208
6228
80230
51289
170591
79685
386627
51128
9522
677765
92304
117156
6389
728609
10802
9037
57556
8293
728492
256987
133383
94081
6444
54557
285590
153769
79628
134549
64374
375484
6500
6502
6558
10723
6507
6583
6584
9963
83884
91137
153328
1836
28965
64924
6569
113829
206358
153201
285641
153129
51151
83697
348932
340024
6531
6534
6550
353189
133482
6586
10569
11039
11042
4090
9597
643155
85027
6606
6607
9627
6620
100505806
724102
654322
677828
26821
677841
100113384
26785
619564
619570
619571
112574
6643
28966
134548
11063
6678
202051
83890
54908
79925
6690
153218
408187
11005
404203
84651
643394
6695
81848
84654
8878
10011
6715
140890
285672
153443
6728
23635
7903
134429
100505678
8614
6793
202374
10923
22987
11346
6879
6880
6897
50834
23061
6902
10915
6932
6949
57451
7015
7045
7060
54974
84321
353376
497189
81789
91937
30012
55374
51014
100302736
54732
153396
100505894
153339
134285
340061
134288
642987
25816
10318
3842
11076
80006
373
55521
90933
84851
100507602
81786
7204
9319
57113
85480
26262
83942
7265
153657
23548
9652
79770
7320
7322
134111
134510
92181
133688
167127
51720
90249
27089
84135
1462
7416
56664
56663
56662
100126299
134430
55255
54853
55100
7478
23286
7518
81555
64848
84327
728723
54819
84240
79844
80108
643836
51663
9765
153527
7690
91975
134466
23567
6940
117608
30832
167465
285676
133923
57507
90441
345462
57688
