1
503538
10347
81926
79575
125981
54
81616
284382
81
81794
339366
113179
199800
10270
26993
84335
208
126133
84964
84266
268
51129
83854
126549
170961
84079
57719
8907
10053
160
1175
8943
9546
10297
333
341
342
344
346
100533990
348
115703
2909
9138
23370
1820
93436
27106
645432
55723
439
554235
85300
22809
84971
57130
478
495
148229
6795
558
566
10331
374907
80776
29086
581
27113
4059
587
593
83596
602
54831
112401
388552
645
23476
84446
682
100131137
684
55643
83636
147685
55009
148223
64073
255809
84167
126526
84798
28974
284325
79173
646457
100128569
55150
342918
147646
126567
718
388503
728
27202
770
56344
773
59285
59284
59283
58509
404665
199731
808
811
125972
57662
147968
826
828
22900
10498
23581
257062
57828
23624
54862
126402
29903
93233
115098
81576
115948
147872
126075
729440
83987
26093
90324
643669
6370
898
57126
30835
933
51293
945
951
10849
970
973
997
11140
148170
1032
634
388551
729767
56971
125931
90273
388550
1084
1089
1048
4680
1087
1088
1050
1054
60680
65996
84902
10715
79603
1675
114335
114336
93659
94027
94115
10036
10523
27243
64377
117286
23152
148113
1153
148046
1158
11129
1178
125875
6320
388512
339390
440508
10332
25999
8192
1209
84518
1264
1265
4849
79935
50509
79709
1311
11316
1340
125965
1346
27151
126129
92359
84699
9244
23373
1406
1455
255193
90353
404217
284340
1553
1548
1549
1555
1556
1572
22952
29785
57834
66002
8529
126410
388514
4051
11283
9266
147906
100506068
199699
1613
26528
1628
90379
79016
10212
54555
162989
79958
27294
1725
9704
148252
27120
10683
93099
1760
63946
1762
352909
3337
1777
1785
1786
57572
83475
84444
8193
91039
503834
147991
56931
503835
9149
10148
1891
51295
1938
1943
112398
30846
163126
126272
8666
27335
1991
1994
1995
8178
84337
64100
284361
24139
2014
79852
29924
2057
58513
54869
2067
2068
2077
147664
100271846
2109
23474
2116
115704
90332
56915
9002
148109
26017
112703
284418
54854
646508
147965
2193
2091
84467
54850
115290
126433
23403
84261
2204
2208
8857
2217
23149
55527
2864
2867
2865
26291
27006
84922
2282
23770
79147
497049
2323
2354
3171
2357
2358
2359
79187
10272
2512
2523
2524
2525
2527
2528
80199
5348
5349
53827
53822
51343
4616
90480
85569
2593
26330
54815
2639
2657
9518
79760
100507003
199720
10755
126326
2696
9535
51291
2767
2769
2788
94235
51206
55094
2821
56927
2854
2828
2879
57655
2901
2906
116444
83743
2931
2962
84705
2997
3004
57817
404037
3036
23354
93323
100101266
610
10870
64344
147746
10362
3191
4670
11100
9454
29911
3249
100128675
3270
374875
51171
84941
126393
23640
3383
3385
3386
7087
9592
10437
282618
282616
282617
101180976
374918
147920
388555
444882
79713
402665
147710
3589
3594
9466
259307
3609
10994
3640
3643
26145
3661
56269
126298
79763
51477
80271
284359
126123
113177
3718
126119
126306
3726
3727
25959
256949
3743
3748
3770
9424
3780
3783
79047
10945
23030
9817
8570
9710
3802
3804
3805
3809
3811
3812
115653
90011
84063
84634
147700
10661
83855
10365
55295
3816
5655
11012
43849
26085
43847
55554
3817
354
9622
25818
5653
5650
11202
284366
606293
9757
11133
65095
388533
79036
3903
3904
3949
79165
114823
94059
342900
29124
56891
148003
400696
3960
3963
653499
163175
3972
3978
11024
11027
11026
23547
353514
79168
10859
10288
11025
11006
10990
79166
3982
55957
64130
126536
148189
284440
400680
100506930
100652909
148231
148145
399844
645191
3991
100996307
84823
114783
100128398
100128568
100129083
100129935
100134317
100288123
100289333
100379224
100505622
100507373
100996349
101059948
101929124
284344
284379
284395
284412
284454
641367
644189
644554
728752
729966
9361
9170
57622
79414
116844
4037
126364
94030
80131
26065
25804
51690
51599
8425
4066
27076
147719
284348
8174
4099
284358
4125
55201
5605
5609
4294
11184
51257
57787
22983
23031
4145
23383
53615
85509
125997
653657
653656
284428
79143
57192
10025
81857
9441
55588
100271849
1954
56917
399664
126321
8190
100529262
90007
54531
100073347
100302213
102466515
100302283
100302226
406910
100302265
100302205
100302255
100302127
406942
406957
574457
100302210
406976
407010
407013
407018
100422854
100422833
100422943
100422899
100422832
100422913
442902
442916
100616185
442917
442918
100500888
100423031
100422925
100422980
100422979
100616163
100616355
100616459
100616371
100616337
100616425
100616313
100616314
100616483
100616171
100616168
574460
100847049
100847074
574458
574459
574462
574465
574498
574499
574490
574485
574479
574483
574492
574488
574491
574474
574477
574489
574487
574472
100847070
574496
574500
574469
574466
574480
574463
574467
574473
574476
574482
574461
574464
574484
574493
574494
574481
574495
574471
574478
574470
574475
574486
574468
574497
693222
693223
693224
693226
693227
100500845
693228
102466659
102465974
102466736
102465473
102465474
102465475
102466737
102466196
102465476
102465477
102465478
102466738
102465479
102465480
102466984
102465481
102466739
102465482
102465483
102465484
102465976
102465533
102465534
102466205
407045
284424
102466806
768217
102465856
102466251
102465873
102465875
102465879
100126325
407056
406887
126353
2872
4298
126308
84954
84769
84245
64981
51073
116541
6183
94025
93343
91663
4606
79784
4542
4650
339344
7593
112939
339345
342977
8775
100505681
9476
256236
57106
1463
342897
56926
9437
126328
51079
4696
4701
4713
374291
4782
4784
4793
84807
4818
284353
204801
91662
126204
55655
147945
126206
199713
126205
338321
27231
51070
4854
4858
4861
4868
7376
126382
2063
4902
4909
126147
4924
390916
9253
23636
284434
115861
4946
79629
284451
93145
390874
80207
26539
26538
26532
126541
284433
126370
125963
284383
81099
390892
26333
26659
26664
26658
162998
125958
26648
125962
390882
390883
126014
728361
5032
54623
5050
10298
5064
342979
80714
100505495
126006
54760
84306
9141
5141
5143
5178
100169890
5184
100131801
92960
25796
8993
114770
54858
653583
51588
55011
5296
5300
390940
23396
5585
8605
5329
23646
57664
79156
64857
55111
10226
729359
440503
126520
83483
11284
10908
79883
5424
5434
5438
5442
10775
5452
56342
692312
8541
147699
54776
10848
94274
23645
284352
5518
5536
100506012
22870
84106
7001
23574
5566
5582
5589
25865
3276
58510
26121
57479
284338
163154
5639
400668
5657
57716
55851
5669
653492
5680
5670
5671
5672
5673
5675
5676
440533
5678
5704
5714
5623
5725
5731
5739
113091
53635
100506033
5794
5802
5817
54814
81890
91300
9230
100507567
5864
9545
53916
100529264
4218
10567
5886
8498
64926
115727
54922
125950
84839
79171
57333
112724
50700
92840
5971
56729
57455
342931
729974
5989
5990
8625
57139
388531
85415
126432
117579
10535
55658
100873750
100873769
100873770
23521
728658
6141
6142
6158
25873
6205
6209
6217
6223
6234
6193
6203
388524
6237
81492
83546
6253
10856
6261
9294
8698
53637
10055
6294
9667
90378
55095
54938
646643
100130827
22904
374897
58506
113178
643719
284402
100130342
6324
644096
653677
10501
29950
29946
8175
6449
10045
6455
50944
25759
56961
729956
92799
89790
114132
89858
100049587
400709
284367
8778
946
27036
27181
27180
284369
23309
23094
22933
51548
147912
57030
6510
6511
79085
284427
284439
376497
10998
79939
29985
57153
6528
28968
56301
11136
6543
6597
56006
147670
79086
6618
100126798
100170216
100169954
100126800
100169959
100191063
100126799
100169951
100169956
100169952
100169957
100169953
100169958
100169955
100170224
100170217
100170225
100170218
100170226
100170219
100170223
100170227
100170220
100126781
100126780
100170228
26780
692229
100113382
692091
26819
26818
26817
26816
84546
26812
26810
692202
692203
692204
6625
6626
6633
171169
102238594
147841
56848
6689
10653
56928
399473
57731
100170229
170463
284297
55620
6794
29888
8677
6813
57794
10147
6822
6820
6829
126074
256126
342898
85360
8189
163183
23546
84258
6861
441864
79735
1155
6915
6929
91646
8463
9524
83639
29844
7040
100507588
199745
51298
100507527
7064
148022
26517
10469
92609
257000
27134
7089
79816
53345
147798
11018
55260
284339
10430
284417
54958
54929
147744
374882
100130519
388564
91304
79041
25789
255043
641649
126259
360200
126282
8740
8744
7137
7138
30000
10452
91978
147804
7171
284355
126003
79090
10155
9322
55621
54795
79042
57616
60385
26526
83983
148014
57348
10382
7288
7297
7305
199746
11338
10054
7311
9040
27338
59286
80700
652995
29128
23025
5976
11045
100862728
10975
7386
8725
55850
7392
83878
57663
7408
7409
400673
57191
317701
317703
51231
147645
284415
342865
375690
57418
284403
84292
51398
83889
126248
58525
126374
56949
7515
90522
78992
374887
27033
84878
51341
23211
57677
140612
22835
7538
284406
23217
100125288
284307
23619
114026
163227
94039
7771
163071
7675
7691
7693
7694
7695
7696
7561
7705
7710
7711
90338
7565
7728
7730
7733
339318
7568
7757
10520
7638
7673
7766
7767
7768
7769
7770
7772
7773
353355
10780
9310
56242
9534
10172
113835
339324
9422
10781
10782
7576
284349
342909
26974
162979
90075
55900
57343
57693
162967
399669
25799
388569
79673
55422
84449
25850
84671
59348
140467
84911
163087
342908
84330
55786
55659
147687
147686
79744
147923
79088
126299
353088
7594
80264
170959
9668
163059
90594
51710
126070
126068
79973
10224
55311
55663
7596
10794
92283
90333
388566
57573
25888
147657
90649
57474
126069
57615
284443
162968
440515
22847
147807
170958
116115
84503
84436
57711
348327
147658
9745
163255
84215
125919
27300
339327
284306
147694
256051
162972
90233
79818
115196
148254
80032
79230
148156
84527
100529215
147741
93134
54811
147837
163050
147929
84924
163081
374900
148266
126295
148268
51276
100507433
126231
64763
284346
79177
84765
147660
163033
51157
51545
147948
386758
147949
201514
199704
92285
54807
84914
100293516
148103
162966
80095
84775
162963
81856
79898
80110
284370
90317
90589
100529855
199777
199692
89887
65251
115950
79788
63934
100128252
79891
171392
163223
342926
148213
91120
7620
374879
90592
55762
79986
7562
163051
58491
148206
730087
388523
100287226
100129543
100129842
148203
388567
388561
284390
91661
90321
58492
400720
374928
284309
284323
163131
163115
147808
126208
388536
284408
163049
126375
390927
90576
7554
390980
388558
126017
730051
125893
100529240
390963
55552
664701
374899
55769
401898
90485
162962
116412
284371
284391
91664
162993
7639
342892
100507290
729747
400713
7643
7644
81931
148198
7652
148066
284312
65982
342945
201516
79149
342933
65249
